# Force coefficients
# dragDir       : (1.00000000e+00 0.00000000e+00 0.00000000e+00)
# sideDir       : (0.00000000e+00 0.00000000e+00 -1.00000000e+00)
# liftDir       : (0.00000000e+00 1.00000000e+00 0.00000000e+00)
# rollAxis      : (1.00000000e+00 0.00000000e+00 0.00000000e+00)
# pitchAxis     : (0.00000000e+00 0.00000000e+00 -1.00000000e+00)
# yawAxis       : (0.00000000e+00 1.00000000e+00 0.00000000e+00)
# magUInf       : 1.00000000e+00
# lRef          : 3.71900030e+00
# Aref          : 8.26663469e-01
# CofR          : (0.00000000e+00 0.00000000e+00 0.00000000e+00)
#
# Time          	Cd              	Cs              	Cl              	CmRoll          	CmPitch         	CmYaw           	Cd(f)           	Cd(r)           	Cs(f)           	Cs(r)           	Cl(f)           	Cl(r)           
1               	1.52653625e+01	-1.65832709e-03	2.23465846e-03	-4.81935037e-08	-1.17615510e-04	-3.50497221e-04	7.63268119e+00	7.63268128e+00	-1.17966077e-03	-4.78666326e-04	9.99713718e-04	1.23494474e-03
2               	1.38708781e+01	-1.47142385e-03	2.66509261e-03	-2.41428733e-08	-7.32063612e-05	-3.96366728e-04	6.93543904e+00	6.93543909e+00	-1.13207865e-03	-3.39345198e-04	1.25933994e-03	1.40575266e-03
3               	3.63937290e+00	-1.78387302e-04	1.59605198e-03	5.20516224e-08	1.74718002e-04	-7.27023214e-05	1.81968650e+00	1.81968640e+00	-1.61895972e-04	-1.64913294e-05	9.72743990e-04	6.23307986e-04
4               	-6.11018783e+00	3.35972419e-04	-6.91299707e-04	9.29605507e-08	7.51034344e-05	3.34291083e-04	-3.05509382e+00	-3.05509401e+00	5.02277293e-04	-1.66304874e-04	-2.70546419e-04	-4.20753288e-04
5               	-8.62440554e+00	1.43300212e-04	-1.86481578e-03	4.25732599e-08	-5.23569680e-06	4.16579242e-04	-4.31220273e+00	-4.31220281e+00	4.88229348e-04	-3.44929136e-04	-9.37643586e-04	-9.27172193e-04
6               	-4.30147430e+00	-6.56963577e-04	-1.90100721e-03	8.20036725e-08	-2.18818924e-04	2.89955907e-04	-2.15073707e+00	-2.15073723e+00	-3.85258815e-05	-6.18437695e-04	-1.16932253e-03	-7.31684681e-04
7               	1.66921507e+00	-1.02625571e-03	-1.34376987e-03	1.72825832e-07	-4.24690066e-04	4.91172109e-05	8.34607710e-01	8.34607364e-01	-4.64010647e-04	-5.62245068e-04	-1.09657500e-03	-2.47194872e-04
8               	4.75255145e+00	-1.08771260e-03	6.64664902e-04	1.76018504e-07	-3.17660700e-05	-8.96553870e-06	2.37627590e+00	2.37627555e+00	-5.52821840e-04	-5.34890762e-04	3.00566381e-04	3.64098521e-04
9               	3.76805175e+00	2.56369796e-04	2.05417644e-03	1.56403262e-07	3.83294693e-04	-2.04947488e-04	1.88402603e+00	1.88402572e+00	-7.67625905e-05	3.33132386e-04	1.41038291e-03	6.43793527e-04
10              	7.41640400e-01	1.00660217e-03	2.19863544e-03	3.52504434e-07	5.80444137e-04	-1.73564348e-04	3.70820553e-01	3.70819848e-01	3.29736738e-04	6.76865434e-04	1.67976186e-03	5.18873585e-04
11              	-1.62349576e+00	1.21074137e-03	4.56243426e-04	3.50542142e-07	2.21334875e-04	-1.57786234e-04	-8.11747529e-01	-8.11748230e-01	4.47584448e-04	7.63156917e-04	4.49456588e-04	6.78683788e-06
12              	-1.98592187e+00	3.04012097e-04	-1.06375634e-03	2.64081179e-07	-2.35372564e-04	-2.06207790e-07	-9.92960670e-01	-9.92961198e-01	1.51799840e-04	1.52212256e-04	-7.67250734e-04	-2.96505605e-04
13              	-7.33053293e-01	-7.96238565e-04	-1.89542079e-03	2.65695420e-07	-5.07254134e-04	1.55642116e-04	-3.66526381e-01	-3.66526912e-01	-2.42477167e-04	-5.53761398e-04	-1.45496453e-03	-4.40456260e-04
14              	7.36597229e-01	-9.80943765e-04	-1.39426596e-03	2.69849093e-07	-4.26953716e-04	1.52023074e-04	3.68298884e-01	3.68298345e-01	-3.38448808e-04	-6.42494957e-04	-1.12408670e-03	-2.70179264e-04
15              	1.35678004e+00	-2.40762265e-04	-5.01011987e-04	2.90240272e-07	-1.94925016e-04	3.81042228e-06	6.78390312e-01	6.78389731e-01	-1.16570710e-04	-1.24191555e-04	-4.45431010e-04	-5.55809770e-05
16              	1.00414871e+00	6.19226813e-04	1.32303074e-04	2.20670654e-07	2.16361013e-05	-1.24765093e-04	5.02074575e-01	5.02074133e-01	1.84848314e-04	4.34378499e-04	8.77876381e-05	4.45154356e-05
17              	2.50529225e-01	9.39711512e-04	2.83533202e-05	1.54326047e-07	3.91392459e-05	-1.50500495e-04	1.25264767e-01	1.25264458e-01	3.19355261e-04	6.20356251e-04	5.33159060e-05	-2.49625858e-05
18              	-2.61394341e-01	6.75398821e-04	-4.05064141e-04	9.86466197e-08	-8.12201619e-05	-1.11065029e-04	-1.30697072e-01	-1.30697269e-01	2.26634382e-04	4.48764440e-04	-2.83752233e-04	-1.21311909e-04
19              	-2.73825479e-01	1.01857799e-04	-8.43397432e-04	3.64662570e-08	-2.46355342e-04	-3.84658113e-05	-1.36912703e-01	-1.36912776e-01	1.24630884e-05	8.93947110e-05	-6.68054057e-04	-1.75343374e-04
20              	4.61496611e-02	-3.45407044e-04	-9.34386657e-04	-1.84841557e-08	-3.11470759e-04	2.48233431e-05	2.30748121e-02	2.30748490e-02	-1.47880179e-04	-1.97526865e-04	-7.78664087e-04	-1.55722569e-04
21              	3.67119639e-01	-3.67727819e-04	-6.07850250e-04	-7.50895103e-08	-2.17170732e-04	3.76143070e-05	1.83559744e-01	1.83559894e-01	-1.46249602e-04	-2.21478216e-04	-5.21095857e-04	-8.67543931e-05
22              	4.70386329e-01	-2.44831679e-05	-2.79907457e-04	-1.21083025e-07	-9.15382862e-05	-4.36979752e-06	2.35193043e-01	2.35193286e-01	-1.66113815e-05	-7.87178642e-06	-2.31492015e-04	-4.84154424e-05
23              	3.60042765e-01	3.76502973e-04	-2.56579374e-04	-1.50944000e-07	-4.69761226e-05	-5.62950369e-05	1.80021232e-01	1.80021534e-01	1.31956450e-04	2.44546524e-04	-1.75265810e-04	-8.13135644e-05
24              	1.82585230e-01	5.45028960e-04	-4.88270342e-04	-1.67308059e-07	-1.06694215e-04	-7.23547213e-05	9.12924477e-02	9.12927823e-02	2.00159759e-04	3.44869201e-04	-3.50829386e-04	-1.37440956e-04
25              	8.09125042e-02	4.02280962e-04	-7.87204274e-04	-1.77919609e-07	-2.15195996e-04	-5.12981581e-05	4.04560742e-02	4.04564300e-02	1.49842323e-04	2.52438639e-04	-6.08798133e-04	-1.78406141e-04
26              	9.57073288e-02	1.06198138e-04	-8.69438362e-04	-1.89273674e-07	-2.73416527e-04	-1.56199589e-05	4.78534751e-02	4.78538537e-02	3.74791103e-05	6.87190281e-05	-7.08135708e-04	-1.61302654e-04
27              	1.75108170e-01	-1.04010200e-04	-6.74343797e-04	-1.96254822e-07	-2.38009070e-04	7.70488768e-06	8.75538889e-02	8.75542814e-02	-4.43002122e-05	-5.97099875e-05	-5.75180969e-04	-9.91628288e-05
28              	2.42559896e-01	-1.06851644e-04	-3.72158508e-04	-1.97591768e-07	-1.49680430e-04	4.23059280e-06	1.21279750e-01	1.21280146e-01	-4.91952293e-05	-5.76564149e-05	-3.35759684e-04	-3.63988235e-05
29              	2.56015628e-01	3.53739474e-05	-2.17028061e-04	-1.93001832e-07	-9.05007132e-05	-1.58450920e-05	1.28007621e-01	1.28008007e-01	1.84188173e-06	3.35320657e-05	-1.99014744e-04	-1.80133174e-05
30              	2.23983047e-01	1.82495479e-04	-3.38679965e-04	-1.85574339e-07	-1.12321561e-04	-3.07975654e-05	1.11991338e-01	1.11991709e-01	6.04501742e-05	1.22045305e-04	-2.81661543e-04	-5.70184219e-05
31              	1.82727362e-01	2.18782017e-04	-6.16733819e-04	-1.80388128e-07	-1.89044590e-04	-2.26973347e-05	9.13635004e-02	9.13638612e-02	8.66936739e-05	1.32088343e-04	-4.97411500e-04	-1.19322320e-04
32              	1.62425542e-01	1.41391112e-04	-7.92894244e-04	-1.76841759e-07	-2.46076248e-04	3.84271701e-06	8.12125942e-02	8.12129479e-02	7.45382729e-05	6.68528389e-05	-6.42523369e-04	-1.50370874e-04
33              	1.69123298e-01	3.24908228e-05	-7.07483309e-04	-1.69780814e-07	-2.31207287e-04	2.64009262e-05	8.45614792e-02	8.45618187e-02	4.26463376e-05	-1.01555149e-05	-5.84948942e-04	-1.22534367e-04
34              	1.89170462e-01	-3.56474235e-05	-4.46127088e-04	-1.58587241e-07	-1.61471931e-04	3.31262753e-05	9.45850724e-02	9.45853896e-02	1.53025636e-05	-5.09499870e-05	-3.84535476e-04	-6.15916129e-05
35              	2.04538131e-01	-2.38214898e-05	-1.88808411e-04	-1.39595203e-07	-8.31270929e-05	2.42383727e-05	1.02268926e-01	1.02269205e-01	1.23276278e-05	-3.61491176e-05	-1.77531299e-04	-1.12771127e-05
36              	2.06401084e-01	3.34807826e-05	-8.47865431e-05	-1.14732442e-07	-4.13334987e-05	1.14038559e-05	1.03200427e-01	1.03200657e-01	2.81442472e-05	5.33653543e-06	-8.37267703e-05	-1.05977278e-06
37              	1.97615111e-01	7.79970994e-05	-1.33933986e-04	-8.64895979e-08	-3.97731780e-05	7.73076661e-06	9.88074689e-02	9.88076418e-02	4.67293163e-05	3.12677831e-05	-1.06740171e-04	-2.71938152e-05
38              	1.86865578e-01	7.26776835e-05	-1.89736843e-04	-5.78524572e-08	-3.94886368e-05	1.75776408e-05	9.34327311e-02	9.34328468e-02	5.39164825e-05	1.87612010e-05	-1.34357058e-04	-5.53797846e-05
39              	1.81070776e-01	3.07275436e-05	-1.09229220e-04	-2.97265853e-08	3.19482301e-07	3.54218817e-05	9.05353582e-02	9.05354177e-02	5.07856535e-05	-2.00581099e-05	-5.42951275e-05	-5.49340921e-05
40              	1.81681478e-01	-1.02644768e-05	1.26481443e-04	-4.85791434e-09	8.71097178e-05	5.08368552e-05	9.08407343e-02	9.08407440e-02	4.57046168e-05	-5.59690936e-05	1.50350439e-04	-2.38689965e-05
41              	1.85624181e-01	-2.83067811e-05	4.37003563e-04	1.45501211e-08	1.98390857e-04	5.67924443e-05	9.28121050e-02	9.28120759e-02	4.26390538e-05	-7.09458349e-05	4.16892639e-04	2.01109246e-05
42              	1.88851715e-01	-2.91915132e-05	7.09339901e-04	3.00427773e-08	3.00403888e-04	5.59513291e-05	9.44258876e-02	9.44258276e-02	4.13555725e-05	-7.05470858e-05	6.55073839e-04	5.42660624e-05
43              	1.89229907e-01	-3.04547867e-05	8.76498821e-04	4.27176871e-08	3.71992519e-04	5.52372011e-05	9.46149961e-02	9.46149107e-02	4.00098077e-05	-7.04645945e-05	8.10241929e-04	6.62568916e-05
44              	1.87197734e-01	-4.45705499e-05	9.64260886e-04	5.13746288e-08	4.17394386e-04	5.92467566e-05	9.35989184e-02	9.35988156e-02	3.69614816e-05	-8.15320315e-05	8.99524829e-04	6.47360569e-05
45              	1.84614688e-01	-6.74065880e-05	1.03480149e-03	5.67481223e-08	4.54894427e-04	6.83226912e-05	9.23074008e-02	9.23072873e-02	3.46193972e-05	-1.02025985e-04	9.72295173e-04	6.25063187e-05
46              	1.83097197e-01	-9.09074300e-05	1.13172081e-03	6.32630331e-08	4.96932699e-04	7.84239542e-05	9.15486618e-02	9.15485352e-02	3.29702391e-05	-1.23877669e-04	1.06279311e-03	6.89277075e-05
47              	1.83097537e-01	-1.00949143e-04	1.24277084e-03	6.83807928e-08	5.41404030e-04	8.48736805e-05	9.15488367e-02	9.15486999e-02	3.43991088e-05	-1.35348252e-04	1.16278945e-03	7.99813901e-05
48              	1.84069760e-01	-9.93229455e-05	1.32817929e-03	7.34562616e-08	5.76352738e-04	8.57389305e-05	9.20349533e-02	9.20348064e-02	3.60774577e-05	-1.35400403e-04	1.24044239e-03	8.77369094e-05
49              	1.85266994e-01	-9.37210755e-05	1.35779702e-03	7.86049398e-08	5.92110741e-04	8.29829522e-05	9.26335755e-02	9.26334183e-02	3.61224145e-05	-1.29843490e-04	1.27100925e-03	8.67877706e-05
50              	1.86273058e-01	-9.07446865e-05	1.33018851e-03	8.37142711e-08	5.88076762e-04	7.95658964e-05	9.31366129e-02	9.31364455e-02	3.41935531e-05	-1.24938240e-04	1.25317102e-03	7.70174936e-05
51              	1.87143959e-01	-8.74162020e-05	1.26375732e-03	9.05401946e-08	5.70339846e-04	7.87173123e-05	9.35720701e-02	9.35718890e-02	3.50092113e-05	-1.22425413e-04	1.20221851e-03	6.15388130e-05
52              	1.88101731e-01	-8.12593594e-05	1.17982396e-03	9.83308311e-08	5.44172547e-04	7.96761912e-05	9.40509638e-02	9.40507672e-02	3.90465115e-05	-1.20305871e-04	1.13408453e-03	4.57394356e-05
53              	1.89303371e-01	-7.25689872e-05	1.08795298e-03	1.04706378e-07	5.11403476e-04	8.01915321e-05	9.46517900e-02	9.46515806e-02	4.39070386e-05	-1.16476026e-04	1.05537996e-03	3.25730138e-05
54              	1.90754073e-01	-5.70671952e-05	9.79746109e-04	1.11668848e-07	4.71063610e-04	7.92388985e-05	9.53771483e-02	9.53769249e-02	5.07053009e-05	-1.07772496e-04	9.60936664e-04	1.88094449e-05
55              	1.92326120e-01	-3.37607113e-05	8.45237838e-04	1.17653282e-07	4.21416627e-04	7.68817660e-05	9.61631778e-02	9.61629425e-02	6.00014104e-05	-9.37621216e-05	8.44035546e-04	1.20229158e-06
56              	1.93895043e-01	-8.48358692e-06	6.87255034e-04	1.22002644e-07	3.62990858e-04	7.29100256e-05	9.69476434e-02	9.69473994e-02	6.86682321e-05	-7.71518191e-05	7.06618375e-04	-1.93633417e-05
57              	1.95415646e-01	1.72570259e-05	5.15187110e-04	1.27889969e-07	2.97940862e-04	6.71364233e-05	9.77079509e-02	9.77076951e-02	7.57649362e-05	-5.85079103e-05	5.55534417e-04	-4.03473065e-05
58              	1.96882889e-01	4.00001977e-05	3.44351061e-04	1.34338115e-07	2.30295849e-04	6.03154335e-05	9.84415789e-02	9.84413102e-02	8.03155324e-05	-4.03153347e-05	4.02471380e-04	-5.81203182e-05
59              	1.98262345e-01	6.60245140e-05	1.80158593e-04	1.38756613e-07	1.64081702e-04	5.47198250e-05	9.91313114e-02	9.91310339e-02	8.77320820e-05	-2.17075680e-05	2.54160998e-04	-7.40024049e-05
60              	1.99547463e-01	9.68996488e-05	2.30715559e-05	1.43862404e-07	1.01674631e-04	5.07073759e-05	9.97738754e-02	9.97735877e-02	9.91572003e-05	-2.25755148e-06	1.13210409e-04	-9.01388530e-05
61              	2.00831058e-01	1.21436863e-04	-1.24028481e-04	1.47366708e-07	4.26397823e-05	4.39822288e-05	1.00415676e-01	1.00415382e-01	1.04700660e-04	1.67362027e-05	-1.93744585e-05	-1.04654023e-04
62              	2.02177583e-01	1.38206910e-04	-2.55388062e-04	1.51362270e-07	-1.28084612e-05	3.41608695e-05	1.01088943e-01	1.01088640e-01	1.03264325e-04	3.49425858e-05	-1.40502492e-04	-1.14885570e-04
63              	2.03561646e-01	1.55326828e-04	-3.70401050e-04	1.52843455e-07	-6.09868709e-05	2.50331837e-05	1.01780976e-01	1.01780670e-01	1.02696598e-04	5.26302305e-05	-2.46187396e-04	-1.24213654e-04
64              	2.04922507e-01	1.65504341e-04	-4.60730738e-04	1.55189607e-07	-1.01205320e-04	1.49337716e-05	1.02461409e-01	1.02461098e-01	9.76859419e-05	6.78183987e-05	-3.31570689e-04	-1.29160050e-04
65              	2.06291083e-01	1.67359087e-04	-5.20644063e-04	1.56835491e-07	-1.32891932e-04	4.14856242e-06	1.03145698e-01	1.03145385e-01	8.78281058e-05	7.95309810e-05	-3.93213963e-04	-1.27430099e-04
66              	2.07701528e-01	1.61662747e-04	-5.54614833e-04	1.58994243e-07	-1.54208453e-04	-6.00575742e-06	1.03850923e-01	1.03850605e-01	7.48256162e-05	8.68371310e-05	-4.31515869e-04	-1.23098964e-04
67              	2.09193084e-01	1.46800077e-04	-5.63884352e-04	1.62472855e-07	-1.65990207e-04	-1.49619780e-05	1.04596705e-01	1.04596380e-01	5.84380602e-05	8.83620163e-05	-4.47932383e-04	-1.15951969e-04
68              	2.10753423e-01	1.33418348e-04	-5.56955899e-04	1.64439361e-07	-1.67649288e-04	-1.98431750e-05	1.05376876e-01	1.05376547e-01	4.68659989e-05	8.65523489e-05	-4.46127237e-04	-1.10828662e-04
69              	2.12357706e-01	1.19967657e-04	-5.32525285e-04	1.68435104e-07	-1.61246733e-04	-2.19250535e-05	1.06179021e-01	1.06178684e-01	3.80587749e-05	8.19088819e-05	-4.27509375e-04	-1.05015910e-04
70              	2.14033789e-01	9.50078027e-05	-4.86438780e-04	1.72043019e-07	-1.49892428e-04	-2.53861003e-05	1.07017067e-01	1.07016723e-01	2.21178011e-05	7.28900016e-05	-3.93111819e-04	-9.33269615e-05
71              	2.15797992e-01	5.86555345e-05	-4.22338652e-04	1.72697180e-07	-1.34962700e-04	-3.03731070e-05	1.07899169e-01	1.07898823e-01	-1.04533977e-06	5.97008743e-05	-3.46132026e-04	-7.62066261e-05
72              	2.17616472e-01	1.37684784e-05	-3.48210635e-04	1.73686913e-07	-1.17510346e-04	-3.68325616e-05	1.08808410e-01	1.08808062e-01	-2.99483225e-05	4.37168008e-05	-2.91615663e-04	-5.65949716e-05
73              	2.19474699e-01	-2.83641645e-05	-2.70245279e-04	1.72976783e-07	-9.92322961e-05	-4.14583332e-05	1.09737522e-01	1.09737176e-01	-5.56404154e-05	2.72762509e-05	-2.34354935e-04	-3.58903431e-05
74              	2.21368036e-01	-6.41246013e-05	-1.96091387e-04	1.70990143e-07	-8.07333912e-05	-4.36747255e-05	1.10684189e-01	1.10683847e-01	-7.57370261e-05	1.16124248e-05	-1.78779085e-04	-1.73123025e-05
75              	2.23279820e-01	-9.10675923e-05	-1.28343912e-04	1.68260256e-07	-6.25939271e-05	-4.33894538e-05	1.11640078e-01	1.11639742e-01	-8.89232500e-05	-2.14434235e-06	-1.26765883e-04	-1.57802908e-06
76              	2.25226382e-01	-1.19938736e-04	-6.27802445e-05	1.65136276e-07	-4.73660573e-05	-4.49896682e-05	1.12613356e-01	1.12613026e-01	-1.04959036e-04	-1.49796997e-05	-7.87561796e-05	1.59759351e-05
77              	2.27126407e-01	-1.53368393e-04	3.26992115e-06	1.63294603e-07	-3.64701954e-05	-4.97180283e-05	1.13563367e-01	1.13563040e-01	-1.26402225e-04	-2.69661682e-05	-3.48352348e-05	3.81051560e-05
78              	2.28894442e-01	-1.87778111e-04	6.59700540e-05	1.61710146e-07	-2.93953976e-05	-5.65196954e-05	1.14447383e-01	1.14447059e-01	-1.50408751e-04	-3.73693600e-05	3.58962943e-06	6.23804246e-05
79              	2.30614047e-01	-2.05119163e-04	1.04848622e-04	1.58598051e-07	-2.00119245e-05	-5.88243299e-05	1.15307182e-01	1.15306865e-01	-1.61383911e-04	-4.37352515e-05	3.24123863e-05	7.24362354e-05
80              	2.32255241e-01	-2.13552797e-04	1.25486977e-04	1.54972856e-07	-1.06101610e-05	-5.92011095e-05	1.16127775e-01	1.16127466e-01	-1.65977508e-04	-4.75752890e-05	5.21333278e-05	7.33536497e-05
81              	2.33679490e-01	-2.24286507e-04	1.41145880e-04	1.50930410e-07	-5.11693976e-06	-6.13341061e-05	1.16839896e-01	1.16839594e-01	-1.73477360e-04	-5.08091474e-05	6.54560003e-05	7.56898798e-05
82              	2.34982070e-01	-2.31786091e-04	1.50156097e-04	1.45952192e-07	-2.52397802e-06	-6.35341397e-05	1.17491181e-01	1.17490889e-01	-1.79427185e-04	-5.23589059e-05	7.25540704e-05	7.76020265e-05
83              	2.36148512e-01	-2.37391310e-04	1.50382056e-04	1.41307187e-07	-9.80757221e-07	-6.59757143e-05	1.18074397e-01	1.18074115e-01	-1.84671369e-04	-5.27199409e-05	7.42102709e-05	7.61717853e-05
84              	2.37080420e-01	-2.45399160e-04	1.47271596e-04	1.36489744e-07	-6.12267328e-07	-6.97169221e-05	1.18540347e-01	1.18540074e-01	-1.92416502e-04	-5.29826581e-05	7.30235305e-05	7.42480652e-05
85              	2.37696787e-01	-2.56188064e-04	1.42208094e-04	1.32717900e-07	-5.17697066e-07	-7.43165934e-05	1.18848526e-01	1.18848261e-01	-2.02410625e-04	-5.37774386e-05	7.05863502e-05	7.16217443e-05
86              	2.38063602e-01	-2.69507500e-04	1.36685121e-04	1.29362113e-07	-4.19868840e-07	-7.91772631e-05	1.19031930e-01	1.19031671e-01	-2.13931013e-04	-5.55764866e-05	6.79226915e-05	6.87624292e-05
87              	2.38277187e-01	-2.90548501e-04	1.36428386e-04	1.26926998e-07	-2.76623402e-06	-8.67548961e-05	1.19138721e-01	1.19138467e-01	-2.32029147e-04	-5.85193545e-05	6.54479590e-05	7.09804271e-05
88              	2.38317562e-01	-3.24042403e-04	1.49340850e-04	1.24854603e-07	-9.93994593e-06	-9.86577440e-05	1.19158906e-01	1.19158656e-01	-2.60678945e-04	-6.33634574e-05	6.47304791e-05	8.46103710e-05
89              	2.38003754e-01	-3.77501360e-04	1.79331569e-04	1.22554886e-07	-2.23743354e-05	-1.16995906e-04	1.19001999e-01	1.19001754e-01	-3.05746586e-04	-7.17547743e-05	6.72914489e-05	1.12040120e-04
90              	2.37201336e-01	-4.41299483e-04	2.17307180e-04	1.20161688e-07	-3.64869089e-05	-1.38250720e-04	1.18600788e-01	1.18600548e-01	-3.58900461e-04	-8.23990213e-05	7.21666810e-05	1.45140499e-04
91              	2.35985576e-01	-4.97239332e-04	2.51706701e-04	1.17882868e-07	-4.78516339e-05	-1.55919570e-04	1.17992906e-01	1.17992670e-01	-4.04539236e-04	-9.27000957e-05	7.80017164e-05	1.73704984e-04
92              	2.34563488e-01	-5.51118152e-04	2.84990058e-04	1.15288818e-07	-5.77610640e-05	-1.72375647e-04	1.17281859e-01	1.17281629e-01	-4.47934724e-04	-1.03183429e-04	8.47339650e-05	2.00256093e-04
93              	2.33122335e-01	-6.03339404e-04	3.17431451e-04	1.12314630e-07	-6.69583107e-05	-1.88319814e-04	1.16561280e-01	1.16561055e-01	-4.89989516e-04	-1.13349888e-04	9.17574148e-05	2.25674036e-04
94              	2.31685760e-01	-6.60382318e-04	3.57240349e-04	1.09106123e-07	-7.84664968e-05	-2.06027462e-04	1.15842989e-01	1.15842771e-01	-5.36218621e-04	-1.24163697e-04	1.00153678e-04	2.57086671e-04
95              	2.30233755e-01	-7.24397436e-04	4.03791448e-04	1.07118029e-07	-9.19897215e-05	-2.26163131e-04	1.15116985e-01	1.15116770e-01	-5.88361849e-04	-1.36035587e-04	1.09906003e-04	2.93885446e-04
96              	2.28742571e-01	-7.90600681e-04	4.54960296e-04	1.04823112e-07	-1.06698434e-04	-2.46911350e-04	1.14371390e-01	1.14371181e-01	-6.42211690e-04	-1.48388991e-04	1.20781714e-04	3.34178583e-04
97              	2.27279178e-01	-8.50348456e-04	4.99885478e-04	1.02714893e-07	-1.18971133e-04	-2.65306732e-04	1.13639692e-01	1.13639487e-01	-6.90480960e-04	-1.59867495e-04	1.30971606e-04	3.68913873e-04
98              	2.25962077e-01	-9.14753139e-04	5.45059134e-04	1.00913949e-07	-1.31140781e-04	-2.84966624e-04	1.12981139e-01	1.12980937e-01	-7.42343194e-04	-1.72409946e-04	1.41388786e-04	4.03670348e-04
99              	2.24851900e-01	-9.85764132e-04	5.87919594e-04	1.01128126e-07	-1.42840545e-04	-3.06838506e-04	1.12426051e-01	1.12425849e-01	-7.99720573e-04	-1.86043560e-04	1.51119252e-04	4.36800342e-04
100             	2.23950610e-01	-1.05010971e-03	6.24860830e-04	1.01067860e-07	-1.53448118e-04	-3.27049497e-04	1.11975406e-01	1.11975204e-01	-8.52104353e-04	-1.98005359e-04	1.58982296e-04	4.65878533e-04
101             	2.23154085e-01	-1.10709312e-03	6.54146209e-04	1.01809750e-07	-1.62312986e-04	-3.45536673e-04	1.11577144e-01	1.11576941e-01	-8.99083233e-04	-2.08009886e-04	1.64760119e-04	4.89386090e-04
102             	2.22342381e-01	-1.17018099e-03	6.81762840e-04	1.03799087e-07	-1.71109655e-04	-3.66533656e-04	1.11171294e-01	1.11171087e-01	-9.51624151e-04	-2.18556840e-04	1.69771766e-04	5.11991075e-04
103             	2.21493764e-01	-1.23115057e-03	7.03753795e-04	1.04038249e-07	-1.77972007e-04	-3.86751033e-04	1.10746986e-01	1.10746778e-01	-1.00232632e-03	-2.28824252e-04	1.73904890e-04	5.29848904e-04
104             	2.20674883e-01	-1.30008891e-03	7.26496092e-04	1.05329437e-07	-1.84927420e-04	-4.09342612e-04	1.10337547e-01	1.10337336e-01	-1.05938707e-03	-2.40701843e-04	1.78320626e-04	5.48175466e-04
105             	2.19932344e-01	-1.37561830e-03	7.52217615e-04	1.08317419e-07	-1.92952537e-04	-4.34261417e-04	1.09966280e-01	1.09966064e-01	-1.12207057e-03	-2.53547734e-04	1.83156270e-04	5.69061345e-04
106             	2.19265439e-01	-1.45436904e-03	7.84445220e-04	1.10587978e-07	-2.03415036e-04	-4.60207849e-04	1.09632830e-01	1.09632609e-01	-1.18739237e-03	-2.66976671e-04	1.88807574e-04	5.95637646e-04
107             	2.18625861e-01	-1.52358322e-03	8.09330745e-04	1.12559206e-07	-2.11879903e-04	-4.83276355e-04	1.09313043e-01	1.09312818e-01	-1.24506796e-03	-2.78515253e-04	1.92785470e-04	6.16545276e-04
108             	2.17980495e-01	-1.57730969e-03	8.29591064e-04	1.13080755e-07	-2.18993680e-04	-5.01230414e-04	1.08990361e-01	1.08990135e-01	-1.28988526e-03	-2.87424432e-04	1.95801852e-04	6.33789212e-04
109             	2.17299797e-01	-1.63971563e-03	8.52729538e-04	1.14458037e-07	-2.26838190e-04	-5.21342552e-04	1.08650013e-01	1.08649784e-01	-1.34120037e-03	-2.98515262e-04	1.99526579e-04	6.53202959e-04
110             	2.16568814e-01	-1.72088581e-03	8.79701788e-04	1.15463403e-07	-2.35659111e-04	-5.47575126e-04	1.08284522e-01	1.08284291e-01	-1.40801803e-03	-3.12867780e-04	2.04191782e-04	6.75510005e-04
111             	2.15796997e-01	-1.80658454e-03	9.09684191e-04	1.15785956e-07	-2.45295533e-04	-5.74963132e-04	1.07898614e-01	1.07898383e-01	-1.47825540e-03	-3.28329137e-04	2.09546562e-04	7.00137629e-04
112             	2.15040131e-01	-1.88542874e-03	9.42227810e-04	1.15969864e-07	-2.55487150e-04	-5.99922288e-04	1.07520182e-01	1.07519950e-01	-1.54263666e-03	-3.42792081e-04	2.15626755e-04	7.26601055e-04
113             	2.14350251e-01	-1.95266904e-03	9.81797769e-04	1.16937248e-07	-2.67748323e-04	-6.20434290e-04	1.07175242e-01	1.07175008e-01	-1.59676881e-03	-3.55900228e-04	2.23150561e-04	7.58647208e-04
114             	2.13711658e-01	-2.04142274e-03	1.03324612e-03	1.16261224e-07	-2.83769882e-04	-6.47333017e-04	1.06855945e-01	1.06855713e-01	-1.66804439e-03	-3.73378352e-04	2.32853178e-04	8.00392942e-04
115             	2.13083818e-01	-2.14831304e-03	1.09845595e-03	1.16765466e-07	-3.04258223e-04	-6.80064459e-04	1.06542026e-01	1.06541792e-01	-1.75422098e-03	-3.94092059e-04	2.44969753e-04	8.53486198e-04
116             	2.12456286e-01	-2.27228432e-03	1.17035185e-03	1.17251027e-07	-3.26548714e-04	-7.18173624e-04	1.06228260e-01	1.06228026e-01	-1.85431578e-03	-4.17968534e-04	2.58627209e-04	9.11724637e-04
117             	2.11869477e-01	-2.42867299e-03	1.26012454e-03	1.18533918e-07	-3.54023505e-04	-7.66342360e-04	1.05934857e-01	1.05934620e-01	-1.98067886e-03	-4.47994136e-04	2.76038765e-04	9.84085775e-04
118             	2.11367403e-01	-2.60584347e-03	1.36664780e-03	1.19420836e-07	-3.86620505e-04	-8.21069299e-04	1.05683821e-01	1.05683582e-01	-2.12399103e-03	-4.81852434e-04	2.96703393e-04	1.06994440e-03
119             	2.10898255e-01	-2.82507924e-03	1.49449680e-03	1.19820321e-07	-4.26129493e-04	-8.89725462e-04	1.05449247e-01	1.05449008e-01	-2.30226508e-03	-5.22814159e-04	3.21118910e-04	1.17337790e-03
120             	2.10439639e-01	-3.06757197e-03	1.63714298e-03	1.20822594e-07	-4.70447268e-04	-9.65722143e-04	1.05219940e-01	1.05219698e-01	-2.49950813e-03	-5.68063842e-04	3.48124220e-04	1.28901876e-03
121             	2.10002752e-01	-3.33337963e-03	1.78898810e-03	1.22884667e-07	-5.18065864e-04	-1.04981733e-03	1.05001499e-01	1.05001253e-01	-2.71650714e-03	-6.16872485e-04	3.76428186e-04	1.41255991e-03
122             	2.09633190e-01	-3.59931513e-03	1.92950908e-03	1.23616363e-07	-5.62074594e-04	-1.13420722e-03	1.04816718e-01	1.04816471e-01	-2.93386478e-03	-6.65450350e-04	4.02679945e-04	1.52682913e-03
123             	2.09416404e-01	-3.85085460e-03	2.05614796e-03	1.24313096e-07	-6.00976738e-04	-1.21290906e-03	1.04708326e-01	1.04708078e-01	-3.13833636e-03	-7.12518240e-04	4.27097241e-04	1.62905072e-03
124             	2.09438717e-01	-4.08802427e-03	2.18256664e-03	1.25893866e-07	-6.39491183e-04	-1.28620356e-03	1.04719484e-01	1.04719232e-01	-3.33021569e-03	-7.57808576e-04	4.51792136e-04	1.73077450e-03
125             	2.09666800e-01	-4.33417060e-03	2.31935771e-03	1.26238004e-07	-6.81134436e-04	-1.36196436e-03	1.04833526e-01	1.04833274e-01	-3.52904965e-03	-8.05120943e-04	4.78544420e-04	1.84081329e-03
126             	2.10042663e-01	-4.56830392e-03	2.45445311e-03	1.27190859e-07	-7.22149605e-04	-1.43374568e-03	1.05021459e-01	1.05021204e-01	-3.71789764e-03	-8.50406284e-04	5.05076951e-04	1.94937616e-03
127             	2.10515964e-01	-4.79773706e-03	2.58949015e-03	1.27344435e-07	-7.63501849e-04	-1.50435422e-03	1.05258109e-01	1.05257855e-01	-3.90322275e-03	-8.94514309e-04	5.31243225e-04	2.05824692e-03
128             	2.11033159e-01	-5.02575522e-03	2.72078446e-03	1.26577700e-07	-8.04099816e-04	-1.57518073e-03	1.05516706e-01	1.05516453e-01	-4.08805834e-03	-9.37696875e-04	5.56292416e-04	2.16449205e-03
129             	2.11585519e-01	-5.24812086e-03	2.84650618e-03	1.26985820e-07	-8.42996005e-04	-1.64446590e-03	1.05792886e-01	1.05792632e-01	-4.26852633e-03	-9.79594526e-04	5.80257084e-04	2.26624909e-03
130             	2.12181293e-01	-5.47410778e-03	2.96979079e-03	1.26264735e-07	-8.80789640e-04	-1.71456444e-03	1.06090773e-01	1.06090520e-01	-4.45161833e-03	-1.02248944e-03	6.04105755e-04	2.36568503e-03
131             	2.12829474e-01	-5.69025516e-03	3.08866949e-03	1.25532926e-07	-9.16658983e-04	-1.78065167e-03	1.06414862e-01	1.06414611e-01	-4.62577925e-03	-1.06447591e-03	6.27675760e-04	2.46099373e-03
132             	2.13532231e-01	-5.89829492e-03	3.20289470e-03	1.24801721e-07	-9.50765438e-04	-1.84358035e-03	1.06766240e-01	1.06765990e-01	-4.79272781e-03	-1.10556711e-03	6.50681912e-04	2.55221279e-03
133             	2.14257328e-01	-6.11281993e-03	3.31902519e-03	1.24667103e-07	-9.85706345e-04	-1.90885261e-03	1.07128789e-01	1.07128539e-01	-4.96526257e-03	-1.14755736e-03	6.73806250e-04	2.64521894e-03
134             	2.14975435e-01	-6.33982614e-03	3.44493971e-03	1.22848094e-07	-1.02423571e-03	-1.97874459e-03	1.07487840e-01	1.07487594e-01	-5.14865766e-03	-1.19116847e-03	6.98234144e-04	2.74670557e-03
135             	2.15687230e-01	-6.58523933e-03	3.57999182e-03	1.20852347e-07	-1.06593025e-03	-2.05490375e-03	1.07843736e-01	1.07843494e-01	-5.34752341e-03	-1.23771592e-03	7.24065662e-04	2.85592616e-03
136             	2.16413394e-01	-6.85031951e-03	3.72419154e-03	1.18746338e-07	-1.11060449e-03	-2.13732683e-03	1.08206816e-01	1.08206578e-01	-5.56248659e-03	-1.28783292e-03	7.51491278e-04	2.97270027e-03
137             	2.17188194e-01	-7.12158748e-03	3.87203704e-03	1.16105763e-07	-1.15625309e-03	-2.22131850e-03	1.08594213e-01	1.08593981e-01	-5.78211224e-03	-1.33947524e-03	7.79765432e-04	3.09227161e-03
138             	2.18033472e-01	-7.38989745e-03	4.02032377e-03	1.13303817e-07	-1.20179233e-03	-2.30387300e-03	1.09016849e-01	1.09016623e-01	-5.99882173e-03	-1.39107572e-03	8.08369557e-04	3.21195421e-03
139             	2.18952334e-01	-7.65972320e-03	4.16646629e-03	1.10607414e-07	-1.24658638e-03	-2.38666726e-03	1.09476278e-01	1.09476057e-01	-6.21652886e-03	-1.44319434e-03	8.36646767e-04	3.32981953e-03
140             	2.19922836e-01	-7.93880510e-03	4.31284346e-03	1.07805134e-07	-1.29158780e-03	-2.47261637e-03	1.09961526e-01	1.09961310e-01	-6.44201892e-03	-1.49678618e-03	8.64833929e-04	3.44800953e-03
141             	2.20899941e-01	-8.23216375e-03	4.46583082e-03	1.03645858e-07	-1.33894616e-03	-2.56348710e-03	1.10450074e-01	1.10449867e-01	-6.67956898e-03	-1.55259477e-03	8.93969244e-04	3.57186157e-03
142             	2.21848714e-01	-8.54531216e-03	4.63086134e-03	9.86245266e-08	-1.39041265e-03	-2.66090850e-03	1.10924456e-01	1.10924259e-01	-6.93356458e-03	-1.61174758e-03	9.25018016e-04	3.70584332e-03
143             	2.22748813e-01	-8.87754621e-03	4.80790464e-03	9.48298465e-08	-1.44582072e-03	-2.76444806e-03	1.11374501e-01	1.11374312e-01	-7.20322116e-03	-1.67432505e-03	9.58131605e-04	3.84977304e-03
144             	2.23590492e-01	-9.22428076e-03	4.99075652e-03	9.22550912e-08	-1.50292242e-03	-2.87247872e-03	1.11795338e-01	1.11795154e-01	-7.48461910e-03	-1.73966165e-03	9.92455844e-04	3.99830067e-03
145             	2.24364609e-01	-9.58163197e-03	5.17690315e-03	8.94003458e-08	-1.56086131e-03	-2.98364510e-03	1.12182394e-01	1.12182215e-01	-7.77446109e-03	-1.80717089e-03	1.02759027e-03	4.14931288e-03
146             	2.25052666e-01	-9.94557067e-03	5.36550888e-03	8.63820743e-08	-1.61946505e-03	-3.09668889e-03	1.12526419e-01	1.12526246e-01	-8.06947423e-03	-1.87609644e-03	1.06328939e-03	4.30221948e-03
147             	2.25630444e-01	-1.03148007e-02	5.55818840e-03	8.28530856e-08	-1.67934097e-03	-3.21133797e-03	1.12815305e-01	1.12815139e-01	-8.36873830e-03	-1.94606236e-03	1.09975323e-03	4.45843517e-03
148             	2.26070275e-01	-1.06931743e-02	5.75704985e-03	7.94181352e-08	-1.74120468e-03	-3.32891211e-03	1.13035217e-01	1.13035058e-01	-8.67549925e-03	-2.01767504e-03	1.13732025e-03	4.61972960e-03
149             	2.26346248e-01	-1.10878381e-02	5.96430646e-03	7.58894970e-08	-1.80577846e-03	-3.45175195e-03	1.13173200e-01	1.13173048e-01	-8.99567100e-03	-2.09216710e-03	1.17637477e-03	4.78793169e-03
150             	2.26433261e-01	-1.15045142e-02	6.18065660e-03	7.33113078e-08	-1.87326198e-03	-3.58165652e-03	1.13216704e-01	1.13216557e-01	-9.33391365e-03	-2.17060060e-03	1.21706632e-03	4.96359028e-03
151             	2.26311624e-01	-1.19450745e-02	6.40412359e-03	7.01457954e-08	-1.94292713e-03	-3.71908247e-03	1.13155882e-01	1.13155742e-01	-9.69161973e-03	-2.25345479e-03	1.25913466e-03	5.14498893e-03
152             	2.25972231e-01	-1.24054253e-02	6.63386063e-03	6.82425968e-08	-2.01446280e-03	-3.86260243e-03	1.12986184e-01	1.12986047e-01	-1.00653151e-02	-2.34011023e-03	1.30246751e-03	5.33139312e-03
153             	2.25412919e-01	-1.28795711e-02	6.86988423e-03	6.68405520e-08	-2.08787386e-03	-4.01025280e-03	1.12706526e-01	1.12706392e-01	-1.04500383e-02	-2.42953274e-03	1.34706825e-03	5.52281597e-03
154             	2.24639722e-01	-1.33666155e-02	7.11384413e-03	6.41013387e-08	-2.16373941e-03	-4.16170762e-03	1.12319925e-01	1.12319797e-01	-1.08450154e-02	-2.52160014e-03	1.39318265e-03	5.72066148e-03
155             	2.23664134e-01	-1.38722254e-02	7.36562349e-03	6.09716358e-08	-2.24207537e-03	-4.31882304e-03	1.11832128e-01	1.11832006e-01	-1.12549357e-02	-2.61728965e-03	1.44073637e-03	5.92488712e-03
156             	2.22494500e-01	-1.44038464e-02	7.62820997e-03	5.86369372e-08	-2.32385420e-03	-4.48408421e-03	1.11247309e-01	1.11247191e-01	-1.16860074e-02	-2.71783898e-03	1.49025078e-03	6.13795919e-03
157             	2.21139346e-01	-1.49660190e-02	7.90391141e-03	5.85768108e-08	-2.40977448e-03	-4.65890582e-03	1.10569732e-01	1.10569614e-01	-1.21419153e-02	-2.82410368e-03	1.54218123e-03	6.36173018e-03
158             	2.19615238e-01	-1.55562594e-02	8.19492263e-03	5.98549842e-08	-2.50058989e-03	-4.84241017e-03	1.09807679e-01	1.09807559e-01	-1.26205399e-02	-2.93571952e-03	1.59687142e-03	6.59805121e-03
159             	2.17945385e-01	-1.61727671e-02	8.49950954e-03	6.12542892e-08	-2.59564010e-03	-5.03393224e-03	1.08972754e-01	1.08972631e-01	-1.31203158e-02	-3.05245130e-03	1.65411467e-03	6.84539487e-03
160             	2.16155227e-01	-1.68164411e-02	8.81659365e-03	6.26332786e-08	-2.69459076e-03	-5.23377802e-03	1.08077676e-01	1.08077551e-01	-1.36419986e-02	-3.17444254e-03	1.71370606e-03	7.10288758e-03
161             	2.14274581e-01	-1.74907971e-02	9.14680515e-03	6.39586948e-08	-2.79754711e-03	-5.44319044e-03	1.07137354e-01	1.07137226e-01	-1.41885890e-02	-3.30220813e-03	1.77585547e-03	7.37094968e-03
162             	2.12332754e-01	-1.82010134e-02	9.49215134e-03	6.49809456e-08	-2.90517174e-03	-5.66391007e-03	1.06166442e-01	1.06166312e-01	-1.47644168e-02	-3.43659664e-03	1.84090393e-03	7.65124741e-03
163             	2.10365088e-01	-1.89489479e-02	9.85246526e-03	6.55292654e-08	-3.01746934e-03	-5.89647724e-03	1.05182610e-01	1.05182479e-01	-1.53709512e-02	-3.57799671e-03	1.90876329e-03	7.94370197e-03
164             	2.08404386e-01	-1.97326927e-02	1.02284867e-02	6.63681924e-08	-3.13467074e-03	-6.14000166e-03	1.04202259e-01	1.04202127e-01	-1.60063480e-02	-3.72634469e-03	1.97957262e-03	8.24891411e-03
165             	2.06474598e-01	-2.05501121e-02	1.06254086e-02	6.74596619e-08	-3.25852838e-03	-6.39370809e-03	1.03237366e-01	1.03237232e-01	-1.66687641e-02	-3.88134795e-03	2.05417592e-03	8.57123267e-03
166             	2.04598284e-01	-2.14016090e-02	1.10429767e-02	6.89889314e-08	-3.38882760e-03	-6.65784603e-03	1.02299211e-01	1.02299073e-01	-1.73586505e-02	-4.04295847e-03	2.13266077e-03	8.91031597e-03
167             	2.02809870e-01	-2.22883203e-02	1.14755879e-02	7.06834258e-08	-3.52354825e-03	-6.93280453e-03	1.01405006e-01	1.01404865e-01	-1.80769647e-02	-4.21135564e-03	2.21424569e-03	9.26134218e-03
168             	2.01142305e-01	-2.32080354e-02	1.19214023e-02	7.17988056e-08	-3.66209390e-03	-7.21789415e-03	1.00571224e-01	1.00571081e-01	-1.88219118e-02	-4.38612354e-03	2.29860724e-03	9.62279505e-03
169             	1.99622145e-01	-2.41566253e-02	1.23833313e-02	7.24359604e-08	-3.80548225e-03	-7.51169906e-03	9.98111451e-02	9.98110003e-02	-1.95900117e-02	-4.56661358e-03	2.38618342e-03	9.99714792e-03
170             	1.98269175e-01	-2.51316570e-02	1.28643685e-02	7.26526329e-08	-3.95475307e-03	-7.81330656e-03	9.91346604e-02	9.91345151e-02	-2.03791351e-02	-4.75252195e-03	2.47743120e-03	1.03869373e-02
171             	1.97094477e-01	-2.61337699e-02	1.33634910e-02	7.23073000e-08	-4.10959862e-03	-8.12277622e-03	9.85473108e-02	9.85471662e-02	-2.11896611e-02	-4.94410870e-03	2.57214687e-03	1.07913441e-02
172             	1.96102963e-01	-2.71691669e-02	1.38790362e-02	7.09435805e-08	-4.26942958e-03	-8.44220805e-03	9.80515525e-02	9.80514106e-02	-2.20267915e-02	-5.14237542e-03	2.67008852e-03	1.12089477e-02
173             	1.95296500e-01	-2.82414531e-02	1.44111789e-02	6.93184022e-08	-4.43430123e-03	-8.77299558e-03	9.76483192e-02	9.76481806e-02	-2.28937221e-02	-5.34773096e-03	2.77128822e-03	1.16398907e-02
174             	1.94674269e-01	-2.93528324e-02	1.49596288e-02	6.84508297e-08	-4.60409984e-03	-9.11594090e-03	9.73372027e-02	9.73370658e-02	-2.37923571e-02	-5.56047531e-03	2.87571458e-03	1.20839143e-02
175             	1.94231009e-01	-3.05028704e-02	1.55240811e-02	6.84644226e-08	-4.77873775e-03	-9.47097946e-03	9.71155731e-02	9.71154362e-02	-2.47224147e-02	-5.78045574e-03	2.98330281e-03	1.25407783e-02
176             	1.93954892e-01	-3.16881286e-02	1.61057185e-02	6.97965020e-08	-4.95860031e-03	-9.83695426e-03	9.69775157e-02	9.69773761e-02	-2.56810185e-02	-6.00711002e-03	3.09425892e-03	1.30114595e-02
177             	1.93827521e-01	-3.29045001e-02	1.67041448e-02	7.23856614e-08	-5.14357892e-03	-1.02124919e-02	9.69138329e-02	9.69136881e-02	-2.66647420e-02	-6.23975817e-03	3.20849350e-03	1.34956513e-02
178             	1.93822502e-01	-3.41475447e-02	1.73182711e-02	7.59150701e-08	-5.33337160e-03	-1.05960996e-02	9.69113269e-02	9.69111750e-02	-2.76698720e-02	-6.47767278e-03	3.32576396e-03	1.39925072e-02
179             	1.93910426e-01	-3.54154443e-02	1.79496069e-02	7.99648362e-08	-5.52853918e-03	-1.09871922e-02	9.69552928e-02	9.69551329e-02	-2.86949144e-02	-6.72052991e-03	3.44626427e-03	1.45033426e-02
180             	1.94065095e-01	-3.67094103e-02	1.86004400e-02	8.36743786e-08	-5.72988276e-03	-1.13863213e-02	9.70326312e-02	9.70324639e-02	-2.97410265e-02	-6.96838382e-03	3.57033726e-03	1.50301028e-02
181             	1.94260104e-01	-3.80352023e-02	1.92729262e-02	8.76438534e-08	-5.93803539e-03	-1.17953045e-02	9.71301395e-02	9.71299642e-02	-3.08129057e-02	-7.22229660e-03	3.69842769e-03	1.55744985e-02
182             	1.94476288e-01	-3.93967946e-02	1.99692966e-02	9.24103521e-08	-6.15368267e-03	-1.22155143e-02	9.72382367e-02	9.72380518e-02	-3.19139116e-02	-7.48288301e-03	3.83096564e-03	1.61383310e-02
183             	1.94697963e-01	-4.07956827e-02	2.06912303e-02	9.71339048e-08	-6.37733698e-03	-1.26474352e-02	9.73490789e-02	9.73488846e-02	-3.30452765e-02	-7.75040618e-03	3.96827816e-03	1.67229521e-02
184             	1.94912054e-01	-4.22307471e-02	2.14381717e-02	1.00351102e-07	-6.60877661e-03	-1.30906247e-02	9.74561274e-02	9.74559267e-02	-3.42059983e-02	-8.02474885e-03	4.11030923e-03	1.73278625e-02
185             	1.95106002e-01	-4.36998664e-02	2.22083579e-02	1.02922827e-07	-6.84740835e-03	-1.35443245e-02	9.75531040e-02	9.75528982e-02	-3.53942577e-02	-8.30560867e-03	4.25677060e-03	1.79515873e-02
186             	1.95264973e-01	-4.52015116e-02	2.30009622e-02	1.05388529e-07	-7.09296725e-03	-1.40080058e-02	9.76325918e-02	9.76323810e-02	-3.66087616e-02	-8.59274995e-03	4.40751384e-03	1.85934483e-02
187             	1.95376251e-01	-4.67365542e-02	2.38142209e-02	1.08223857e-07	-7.34486761e-03	-1.44819652e-02	9.76882336e-02	9.76880172e-02	-3.78502423e-02	-8.88631195e-03	4.56224286e-03	1.92519781e-02
188             	1.95431179e-01	-4.83071313e-02	2.46483947e-02	1.10837965e-07	-7.60317888e-03	-1.49668982e-02	9.77157005e-02	9.77154788e-02	-3.91204639e-02	-9.18666745e-03	4.72101847e-03	1.99273762e-02
189             	1.95423849e-01	-4.99156391e-02	2.55041611e-02	1.12193503e-07	-7.86812443e-03	-1.54635934e-02	9.77120366e-02	9.77118122e-02	-4.04214130e-02	-9.49422615e-03	4.88395614e-03	2.06202050e-02
190             	1.95353136e-01	-5.15628187e-02	2.63834842e-02	1.12525228e-07	-8.14033987e-03	-1.59722652e-02	9.76766803e-02	9.76764553e-02	-4.17536745e-02	-9.80914416e-03	5.05140222e-03	2.13320820e-02
191             	1.95223947e-01	-5.32447587e-02	2.72844520e-02	1.12654039e-07	-8.41916474e-03	-1.64915463e-02	9.76120863e-02	9.76118610e-02	-4.31139257e-02	-1.01308330e-02	5.22306124e-03	2.20613907e-02
192             	1.95042059e-01	-5.49577696e-02	2.82041331e-02	1.13132520e-07	-8.70364594e-03	-1.70201875e-02	9.75211424e-02	9.75209161e-02	-4.44990723e-02	-1.04586973e-02	5.39842061e-03	2.28057125e-02
193             	1.94815028e-01	-5.67007799e-02	2.91410801e-02	1.13688664e-07	-8.99333084e-03	-1.75578163e-02	9.74076278e-02	9.74074004e-02	-4.59082062e-02	-1.07925736e-02	5.57720923e-03	2.35638709e-02
194             	1.94548730e-01	-5.84730957e-02	3.00941871e-02	1.14264610e-07	-9.28787389e-03	-1.81041940e-02	9.72744791e-02	9.72742506e-02	-4.73407419e-02	-1.11323538e-02	5.75921967e-03	2.43349674e-02
195             	1.94248690e-01	-6.02754870e-02	3.10624134e-02	1.15372581e-07	-9.58692587e-03	-1.86595974e-02	9.71244605e-02	9.71242298e-02	-4.87973409e-02	-1.14781461e-02	5.94428082e-03	2.51181326e-02
196             	1.93921062e-01	-6.21064393e-02	3.20449245e-02	1.17308021e-07	-9.89023708e-03	-1.92235272e-02	9.69606483e-02	9.69604137e-02	-5.02767468e-02	-1.18296925e-02	6.13222520e-03	2.59126994e-02
197             	1.93572644e-01	-6.39640744e-02	3.30407516e-02	1.19735541e-07	-1.01974829e-02	-1.97952819e-02	9.67864418e-02	9.67862023e-02	-5.17773191e-02	-1.21867553e-02	6.32289293e-03	2.67178587e-02
198             	1.93213166e-01	-6.58427389e-02	3.40468332e-02	1.22955133e-07	-1.05077124e-02	-2.03731292e-02	9.66067061e-02	9.66064602e-02	-5.32944986e-02	-1.25482403e-02	6.51570418e-03	2.75311291e-02
199             	1.92850930e-01	-6.77394338e-02	3.50605065e-02	1.26528975e-07	-1.08200461e-02	-2.09560678e-02	9.64255917e-02	9.64253387e-02	-5.48257847e-02	-1.29136492e-02	6.71020714e-03	2.83502994e-02
200             	1.92493860e-01	-6.96520612e-02	3.60800195e-02	1.30026541e-07	-1.11338766e-02	-2.15433590e-02	9.62470602e-02	9.62468002e-02	-5.63693896e-02	-1.32826716e-02	6.90613317e-03	2.91738863e-02
201             	1.92149295e-01	-7.15791477e-02	3.71046551e-02	1.33505639e-07	-1.14489936e-02	-2.21344980e-02	9.60747811e-02	9.60745141e-02	-5.79240719e-02	-1.36550759e-02	7.10333397e-03	3.00013211e-02
202             	1.91823759e-01	-7.35179759e-02	3.81332762e-02	1.36677503e-07	-1.17650719e-02	-2.27286492e-02	9.59120163e-02	9.59117430e-02	-5.94876372e-02	-1.40303387e-02	7.30156620e-03	3.08317100e-02
203             	1.91521925e-01	-7.54656645e-02	3.91628965e-02	1.39868793e-07	-1.20811866e-02	-2.33248786e-02	9.57611025e-02	9.57608227e-02	-6.10577108e-02	-1.44079536e-02	7.50026162e-03	3.16626349e-02
204             	1.91247619e-01	-7.74171379e-02	4.01902426e-02	1.43288069e-07	-1.23962868e-02	-2.39215234e-02	9.56239528e-02	9.56236662e-02	-6.26300924e-02	-1.47870455e-02	7.69883450e-03	3.24914081e-02
205             	1.91002638e-01	-7.93672091e-02	4.12120974e-02	1.47182171e-07	-1.27093257e-02	-2.45168631e-02	9.55014664e-02	9.55011720e-02	-6.42004677e-02	-1.51667414e-02	7.89672300e-03	3.33153744e-02
206             	1.90786242e-01	-8.13118992e-02	4.22273672e-02	1.52026816e-07	-1.30199086e-02	-2.51096039e-02	9.53932732e-02	9.53929692e-02	-6.57655535e-02	-1.55463457e-02	8.09377500e-03	3.41335922e-02
207             	1.90598079e-01	-8.32495040e-02	4.32347428e-02	1.57444449e-07	-1.33276456e-02	-2.56992496e-02	9.52991967e-02	9.52988818e-02	-6.73240016e-02	-1.59255024e-02	8.28972577e-03	3.49450170e-02
208             	1.90440313e-01	-8.51775823e-02	4.42323077e-02	1.63181048e-07	-1.36318874e-02	-2.62849493e-02	9.52203199e-02	9.52199935e-02	-6.88737404e-02	-1.63038419e-02	8.48426646e-03	3.57480412e-02
209             	1.90315698e-01	-8.70909203e-02	4.52166867e-02	1.69680994e-07	-1.39316345e-02	-2.68652154e-02	9.51580187e-02	9.51576793e-02	-7.04106755e-02	-1.66802448e-02	8.67670887e-03	3.65399778e-02
210             	1.90224257e-01	-8.89855170e-02	4.61855770e-02	1.76106815e-07	-1.42261210e-02	-2.74385616e-02	9.51123046e-02	9.51119524e-02	-7.19313200e-02	-1.70541969e-02	8.86666744e-03	3.73189095e-02
211             	1.90164613e-01	-9.08554711e-02	4.71384387e-02	1.82409274e-07	-1.45152699e-02	-2.80031619e-02	9.50824887e-02	9.50821239e-02	-7.34308974e-02	-1.74245737e-02	9.05394949e-03	3.80844892e-02
212             	1.90132471e-01	-9.26981338e-02	4.80742035e-02	1.89142191e-07	-1.47987251e-02	-2.85582236e-02	9.50664245e-02	9.50660462e-02	-7.49072905e-02	-1.77908434e-02	9.23837666e-03	3.88358268e-02
213             	1.90126465e-01	-9.45097753e-02	4.89903843e-02	1.95917444e-07	-1.50756321e-02	-2.91025400e-02	9.50634283e-02	9.50630365e-02	-7.63574276e-02	-1.81523477e-02	9.41956000e-03	3.95708243e-02
214             	1.90146825e-01	-9.62858146e-02	4.98857134e-02	2.01504015e-07	-1.53455797e-02	-2.96347264e-02	9.50736141e-02	9.50732111e-02	-7.77776337e-02	-1.85081809e-02	9.59727702e-03	4.02884363e-02
215             	1.90195827e-01	-9.80221434e-02	5.07596679e-02	2.07404955e-07	-1.56083619e-02	-3.01533303e-02	9.50981210e-02	9.50977062e-02	-7.91644020e-02	-1.88577414e-02	9.77147208e-03	4.09881958e-02
216             	1.90280733e-01	-9.97107161e-02	5.16104058e-02	2.13199392e-07	-1.58634330e-02	-3.06558714e-02	9.51405796e-02	9.51401532e-02	-8.05112295e-02	-1.91994866e-02	9.94176987e-03	4.16686359e-02
217             	1.90398561e-01	-1.01346750e-01	5.24363110e-02	2.19478407e-07	-1.61103116e-02	-3.11408531e-02	9.51995001e-02	9.51990611e-02	-8.18142282e-02	-1.95325220e-02	1.01078439e-02	4.23284671e-02
218             	1.90540151e-01	-1.02929413e-01	5.32360975e-02	2.26600365e-07	-1.63486316e-02	-3.16081721e-02	9.52703022e-02	9.52698490e-02	-8.30728784e-02	-1.98565342e-02	1.02694171e-02	4.29666803e-02
219             	1.90697128e-01	-1.04459374e-01	5.40095886e-02	2.34664165e-07	-1.65783435e-02	-3.20580737e-02	9.53487987e-02	9.53483293e-02	-8.42877606e-02	-2.01716132e-02	1.04264508e-02	4.35831378e-02
220             	1.90867435e-01	-1.05933762e-01	5.47547099e-02	2.43775209e-07	-1.67987973e-02	-3.24897750e-02	9.54339611e-02	9.54334735e-02	-8.54566560e-02	-2.04771060e-02	1.05785576e-02	4.41761522e-02
221             	1.91054728e-01	-1.07347227e-01	5.54692633e-02	2.53144430e-07	-1.70092899e-02	-3.29016621e-02	9.55276171e-02	9.55271108e-02	-8.65752759e-02	-2.07719516e-02	1.07253418e-02	4.47439216e-02
222             	1.91259975e-01	-1.08693299e-01	5.61525094e-02	2.62051178e-07	-1.72096281e-02	-3.32916744e-02	9.56302497e-02	9.56297256e-02	-8.76383238e-02	-2.10549750e-02	1.08666267e-02	4.52858828e-02
223             	1.91482784e-01	-1.09967938e-01	5.68033627e-02	2.70883250e-07	-1.73995661e-02	-3.36586132e-02	9.57416631e-02	9.57411213e-02	-8.86425823e-02	-2.13253559e-02	1.10021152e-02	4.58012475e-02
224             	1.91720381e-01	-1.11167057e-01	5.74213700e-02	2.80718514e-07	-1.75790452e-02	-3.40012709e-02	9.58604711e-02	9.58599096e-02	-8.95847996e-02	-2.15822578e-02	1.11316398e-02	4.62897302e-02
225             	1.91970484e-01	-1.12287180e-01	5.80059143e-02	2.92156587e-07	-1.77478540e-02	-3.43187021e-02	9.59855339e-02	9.59849496e-02	-9.04622922e-02	-2.18248880e-02	1.12551031e-02	4.67508112e-02
226             	1.92231375e-01	-1.13326275e-01	5.85559142e-02	3.05647362e-07	-1.79056915e-02	-3.46103669e-02	9.61159932e-02	9.61153819e-02	-9.12735046e-02	-2.20527707e-02	1.13722656e-02	4.71836486e-02
227             	1.92503459e-01	-1.14280202e-01	5.90695495e-02	3.20752640e-07	-1.80520276e-02	-3.48750683e-02	9.62520504e-02	9.62514089e-02	-9.20151693e-02	-2.22650328e-02	1.14827472e-02	4.75868024e-02
228             	1.92790796e-01	-1.15143886e-01	5.95436680e-02	3.36506612e-07	-1.81859016e-02	-3.51113304e-02	9.63957345e-02	9.63950615e-02	-9.26832733e-02	-2.24606125e-02	1.15859324e-02	4.79577356e-02
229             	1.93094179e-01	-1.15910954e-01	5.99755740e-02	3.52813844e-07	-1.83064824e-02	-3.53171580e-02	9.65474423e-02	9.65467366e-02	-9.32726351e-02	-2.26383192e-02	1.16813046e-02	4.82942694e-02
230             	1.93409570e-01	-1.16578938e-01	6.03639603e-02	3.68597069e-07	-1.84134278e-02	-3.54919808e-02	9.67051533e-02	9.67044162e-02	-9.37814500e-02	-2.27974884e-02	1.17685523e-02	4.85954080e-02
231             	1.93728391e-01	-1.17147310e-01	6.07089207e-02	3.83384309e-07	-1.85069201e-02	-3.56358659e-02	9.68645787e-02	9.68638119e-02	-9.42095208e-02	-2.29377889e-02	1.18475402e-02	4.88613804e-02
232             	1.94044563e-01	-1.17617814e-01	6.10114486e-02	3.97715499e-07	-1.85873993e-02	-3.57495965e-02	9.70226794e-02	9.70218839e-02	-9.45585037e-02	-2.30593106e-02	1.19183250e-02	4.90931235e-02
233             	1.94352644e-01	-1.17993102e-01	6.12719561e-02	4.12467570e-07	-1.86551118e-02	-3.58342828e-02	9.71767345e-02	9.71759096e-02	-9.48308338e-02	-2.31622682e-02	1.19808662e-02	4.92910899e-02
234             	1.94654879e-01	-1.18272278e-01	6.14899830e-02	4.27875259e-07	-1.87099379e-02	-3.58898069e-02	9.73278675e-02	9.73270118e-02	-9.50259460e-02	-2.32463323e-02	1.20350536e-02	4.94549294e-02
235             	1.94957354e-01	-1.18450201e-01	6.16627244e-02	4.43407757e-07	-1.87509269e-02	-3.59145168e-02	9.74791205e-02	9.74782336e-02	-9.51396175e-02	-2.33105838e-02	1.20804353e-02	4.95822891e-02
236             	1.95262997e-01	-1.18524254e-01	6.17873710e-02	4.58583555e-07	-1.87771799e-02	-3.59076059e-02	9.76319569e-02	9.76310398e-02	-9.51697331e-02	-2.33545213e-02	1.21165056e-02	4.96708654e-02
237             	1.95569732e-01	-1.18497092e-01	6.18640759e-02	4.74762536e-07	-1.87888022e-02	-3.58701068e-02	9.77853406e-02	9.77843911e-02	-9.51186530e-02	-2.33784394e-02	1.21432358e-02	4.97208401e-02
238             	1.95868676e-01	-1.18370991e-01	6.18950129e-02	4.92191560e-07	-1.87867229e-02	-3.58029419e-02	9.79348302e-02	9.79338458e-02	-9.49884375e-02	-2.33825537e-02	1.21607835e-02	4.97342294e-02
239             	1.96153811e-01	-1.18150890e-01	6.18797704e-02	5.08820636e-07	-1.87708954e-02	-3.57078245e-02	9.80774141e-02	9.80763965e-02	-9.47832695e-02	-2.33676205e-02	1.21689898e-02	4.97107807e-02
240             	1.96424533e-01	-1.17839065e-01	6.18196973e-02	5.24004708e-07	-1.87417469e-02	-3.55856097e-02	9.82127907e-02	9.82117427e-02	-9.45051424e-02	-2.33339231e-02	1.21681018e-02	4.96515955e-02
241             	1.96680657e-01	-1.17440835e-01	6.17161805e-02	5.38045582e-07	-1.86997517e-02	-3.54382229e-02	9.83408665e-02	9.83397904e-02	-9.41586405e-02	-2.32821947e-02	1.21583385e-02	4.95578419e-02
242             	1.96922588e-01	-1.16959882e-01	6.15694569e-02	5.51862798e-07	-1.86450098e-02	-3.52669471e-02	9.84618456e-02	9.84607419e-02	-9.37468878e-02	-2.32129937e-02	1.21397186e-02	4.94297383e-02
243             	1.97151068e-01	-1.16401037e-01	6.13809426e-02	5.66159221e-07	-1.85779998e-02	-3.50734148e-02	9.85761002e-02	9.85749678e-02	-9.32739334e-02	-2.31271038e-02	1.21124715e-02	4.92684712e-02
244             	1.97369637e-01	-1.15770626e-01	6.11533015e-02	5.81402853e-07	-1.84996106e-02	-3.48596951e-02	9.86853998e-02	9.86842370e-02	-9.27450079e-02	-2.30256178e-02	1.20770402e-02	4.90762613e-02
245             	1.97576387e-01	-1.15073379e-01	6.08904123e-02	5.98068389e-07	-1.84110958e-02	-3.46273916e-02	9.87887916e-02	9.87875954e-02	-9.21640808e-02	-2.29092977e-02	1.20341103e-02	4.88563020e-02
246             	1.97769946e-01	-1.14315765e-01	6.05943053e-02	6.15787614e-07	-1.83130686e-02	-3.43785971e-02	9.88855887e-02	9.88843572e-02	-9.15364798e-02	-2.27792856e-02	1.19840841e-02	4.86102213e-02
247             	1.97949250e-01	-1.13505366e-01	6.02679674e-02	6.34687548e-07	-1.82064660e-02	-3.41156816e-02	9.89752597e-02	9.89739904e-02	-9.08683645e-02	-2.26370014e-02	1.19275177e-02	4.83404497e-02
248             	1.98113230e-01	-1.12647804e-01	5.99135765e-02	6.56661231e-07	-1.80919764e-02	-3.38403489e-02	9.90572717e-02	9.90559583e-02	-9.01642509e-02	-2.24835532e-02	1.18648118e-02	4.80487646e-02
249             	1.98262103e-01	-1.11747146e-01	5.95327948e-02	6.81691830e-07	-1.79701190e-02	-3.35538184e-02	9.91317332e-02	9.91303698e-02	-8.94273915e-02	-2.23197546e-02	1.17962784e-02	4.77365165e-02
250             	1.98396706e-01	-1.10806922e-01	5.91275899e-02	7.09254217e-07	-1.78414977e-02	-3.32570927e-02	9.91990623e-02	9.91976438e-02	-8.86605535e-02	-2.21463682e-02	1.17222972e-02	4.74052927e-02
251             	1.98519653e-01	-1.09830854e-01	5.87002286e-02	7.40387095e-07	-1.77068296e-02	-3.29512472e-02	9.92605669e-02	9.92590862e-02	-8.78666744e-02	-2.19641800e-02	1.16432847e-02	4.70569439e-02
252             	1.98632456e-01	-1.08823550e-01	5.82526899e-02	7.74853871e-07	-1.75666829e-02	-3.26375700e-02	9.93170029e-02	9.93154532e-02	-8.70493451e-02	-2.17742052e-02	1.15596621e-02	4.66930278e-02
253             	1.98734664e-01	-1.07789630e-01	5.77870540e-02	8.12057276e-07	-1.74216674e-02	-3.23174453e-02	9.93681438e-02	9.93665197e-02	-8.62122601e-02	-2.15773695e-02	1.14718596e-02	4.63151944e-02
254             	1.98825201e-01	-1.06734137e-01	5.73056595e-02	8.51544267e-07	-1.72724749e-02	-3.19924004e-02	9.94134519e-02	9.94117488e-02	-8.53594688e-02	-2.13746681e-02	1.13803549e-02	4.59253047e-02
255             	1.98903228e-01	-1.05659983e-01	5.68108028e-02	8.92338473e-07	-1.71198410e-02	-3.16632467e-02	9.94525064e-02	9.94507217e-02	-8.44932381e-02	-2.11667446e-02	1.12855604e-02	4.55252424e-02
256             	1.98969180e-01	-1.04570179e-01	5.63043332e-02	9.33848441e-07	-1.69643374e-02	-3.13307883e-02	9.94855237e-02	9.94836560e-02	-8.36158780e-02	-2.09543014e-02	1.11878292e-02	4.51165040e-02
257             	1.99022349e-01	-1.03467370e-01	5.57885259e-02	9.76038027e-07	-1.68066402e-02	-3.09956935e-02	9.95121505e-02	9.95101984e-02	-8.27293784e-02	-2.07379913e-02	1.10876228e-02	4.47009031e-02
258             	1.99061715e-01	-1.02354507e-01	5.52662626e-02	1.01850947e-06	-1.66476373e-02	-3.06587861e-02	9.95318762e-02	9.95298391e-02	-8.18360396e-02	-2.05184675e-02	1.09854940e-02	4.42807686e-02
259             	1.99090620e-01	-1.01235750e-01	5.47385385e-02	1.06092625e-06	-1.64875949e-02	-3.03212889e-02	9.95463709e-02	9.95442490e-02	-8.09391639e-02	-2.02965862e-02	1.08816743e-02	4.38568642e-02
260             	1.99109965e-01	-1.00114918e-01	5.42077781e-02	1.10234972e-06	-1.63272554e-02	-2.99842841e-02	9.95560848e-02	9.95538801e-02	-8.00417432e-02	-2.00731749e-02	1.07766337e-02	4.34311445e-02
261             	1.99120463e-01	-9.89942977e-02	5.36757460e-02	1.14247054e-06	-1.61671311e-02	-2.96483333e-02	9.95613737e-02	9.95590888e-02	-7.91454822e-02	-1.98488155e-02	1.06707419e-02	4.30050041e-02
262             	1.99120655e-01	-9.78757563e-02	5.31442297e-02	1.18146781e-06	-1.60077107e-02	-2.93138631e-02	9.95615091e-02	9.95591462e-02	-7.82517412e-02	-1.96240151e-02	1.05644042e-02	4.25798256e-02
263             	1.99110812e-01	-9.67623755e-02	5.26155311e-02	1.21948561e-06	-1.58496399e-02	-2.89817105e-02	9.95566254e-02	9.95541865e-02	-7.73628983e-02	-1.93994773e-02	1.04581257e-02	4.21574055e-02
264             	1.99090123e-01	-9.56565812e-02	5.20920402e-02	1.25635635e-06	-1.56936815e-02	-2.86525348e-02	9.95463180e-02	9.95438052e-02	-7.64808254e-02	-1.91757558e-02	1.03523385e-02	4.17397016e-02
265             	1.99059589e-01	-9.45612738e-02	5.15763714e-02	1.29136965e-06	-1.55406639e-02	-2.83271536e-02	9.95310858e-02	9.95285031e-02	-7.56077905e-02	-1.89534833e-02	1.02475218e-02	4.13288496e-02
266             	1.99023166e-01	-9.34786684e-02	5.10704450e-02	1.32374819e-06	-1.53911210e-02	-2.80061838e-02	9.95129067e-02	9.95102592e-02	-7.47455180e-02	-1.87331503e-02	1.01441016e-02	4.09263435e-02
267             	1.98983529e-01	-9.24091528e-02	5.05732155e-02	1.35383477e-06	-1.52446072e-02	-2.76897153e-02	9.94931181e-02	9.94904105e-02	-7.38942916e-02	-1.85148611e-02	1.00420006e-02	4.05312149e-02
268             	1.98940842e-01	-9.13520428e-02	5.00837911e-02	1.38224804e-06	-1.51007160e-02	-2.73773827e-02	9.94718030e-02	9.94690385e-02	-7.30534041e-02	-1.82986387e-02	9.94117956e-03	4.01426115e-02
269             	1.98894524e-01	-9.03083323e-02	4.96021531e-02	1.40928322e-06	-1.49593313e-02	-2.70693692e-02	9.94486714e-02	9.94458528e-02	-7.22235353e-02	-1.80847970e-02	9.84174525e-03	3.97604078e-02
270             	1.98843778e-01	-8.92786857e-02	4.91297239e-02	1.43488939e-06	-1.48208470e-02	-2.67657649e-02	9.94233239e-02	9.94204541e-02	-7.14051077e-02	-1.78735780e-02	9.74401491e-03	3.93857090e-02
271             	1.98788775e-01	-8.82645764e-02	4.86677773e-02	1.45862695e-06	-1.46856349e-02	-2.64669723e-02	9.93958460e-02	9.93929287e-02	-7.05992605e-02	-1.76653159e-02	9.64825381e-03	3.90195235e-02
272             	1.98730145e-01	-8.72667708e-02	4.82164057e-02	1.47987659e-06	-1.45536954e-02	-2.61731861e-02	9.93665524e-02	9.93635927e-02	-6.98065714e-02	-1.74601993e-02	9.55450742e-03	3.86618982e-02
273             	1.98668000e-01	-8.62851900e-02	4.77757419e-02	1.49869515e-06	-1.44250344e-02	-2.58843174e-02	9.93354987e-02	9.93325013e-02	-6.90269124e-02	-1.72582776e-02	9.46283659e-03	3.83129053e-02
274             	1.98602128e-01	-8.53189000e-02	4.73450410e-02	1.51534496e-06	-1.42993680e-02	-2.56000176e-02	9.93025791e-02	9.92995484e-02	-6.82594676e-02	-1.70594324e-02	9.37315254e-03	3.79718885e-02
275             	1.98533472e-01	-8.43671084e-02	4.69232936e-02	1.52953230e-06	-1.41762946e-02	-2.53199542e-02	9.92682657e-02	9.92652066e-02	-6.75035084e-02	-1.68636000e-02	9.28535226e-03	3.76379414e-02
276             	1.98461869e-01	-8.34291572e-02	4.65101772e-02	1.54086151e-06	-1.40556891e-02	-2.50438813e-02	9.92324754e-02	9.92293936e-02	-6.67584600e-02	-1.66706973e-02	9.19939956e-03	3.73107777e-02
277             	1.98385533e-01	-8.25057011e-02	4.61051153e-02	1.54941891e-06	-1.39373459e-02	-2.47720100e-02	9.91943159e-02	9.91912171e-02	-6.60248605e-02	-1.64808406e-02	9.11521179e-03	3.69899035e-02
278             	1.98303935e-01	-8.15980014e-02	4.57075382e-02	1.55535786e-06	-1.38210550e-02	-2.45047028e-02	9.91535226e-02	9.91504119e-02	-6.53037035e-02	-1.62942979e-02	9.03271409e-03	3.66748241e-02
279             	1.98215394e-01	-8.07054372e-02	4.53164391e-02	1.55886616e-06	-1.37065296e-02	-2.42419325e-02	9.91092560e-02	9.91061383e-02	-6.45946511e-02	-1.61107861e-02	8.95168994e-03	3.63647492e-02
280             	1.98121238e-01	-7.98287390e-02	4.49307163e-02	1.55998935e-06	-1.35933965e-02	-2.39839400e-02	9.90621788e-02	9.90590589e-02	-6.38983095e-02	-1.59304295e-02	8.87196171e-03	3.60587546e-02
281             	1.98023012e-01	-7.89691986e-02	4.45499834e-02	1.55938680e-06	-1.34815079e-02	-2.37311066e-02	9.90130655e-02	9.90099467e-02	-6.32157059e-02	-1.57534927e-02	8.79348384e-03	3.57564996e-02
282             	1.97920152e-01	-7.81289599e-02	4.41742172e-02	1.55722645e-06	-1.33708640e-02	-2.34841107e-02	9.89616335e-02	9.89585190e-02	-6.25485906e-02	-1.55803693e-02	8.71624465e-03	3.54579726e-02
283             	1.97811967e-01	-7.73095793e-02	4.38041468e-02	1.55344123e-06	-1.32617501e-02	-2.32434613e-02	9.89075371e-02	9.89044302e-02	-6.18982509e-02	-1.54113284e-02	8.64032328e-03	3.51638235e-02
284             	1.97698117e-01	-7.65122379e-02	4.34406344e-02	1.54820615e-06	-1.31544878e-02	-2.30095543e-02	9.88506065e-02	9.88475101e-02	-6.12656732e-02	-1.52465647e-02	8.56582942e-03	3.48748050e-02
285             	1.97577840e-01	-7.57378821e-02	4.30835027e-02	1.54191509e-06	-1.30490304e-02	-2.27826973e-02	9.87904621e-02	9.87873783e-02	-6.06516384e-02	-1.50862437e-02	8.49272099e-03	3.45907818e-02
286             	1.97451736e-01	-7.49882226e-02	4.27320436e-02	1.53536040e-06	-1.29451498e-02	-2.25634371e-02	9.87274033e-02	9.87243326e-02	-6.00575485e-02	-1.49306742e-02	8.42087194e-03	3.43111716e-02
287             	1.97321119e-01	-7.42648381e-02	4.23856473e-02	1.52885346e-06	-1.28426506e-02	-2.23522864e-02	9.86620883e-02	9.86590306e-02	-5.94847055e-02	-1.47801327e-02	8.35017301e-03	3.40354743e-02
288             	1.97187930e-01	-7.35686251e-02	4.20444761e-02	1.52268910e-06	-1.27416118e-02	-2.21494974e-02	9.85954877e-02	9.85924423e-02	-5.89338099e-02	-1.46348151e-02	8.28062627e-03	3.37638498e-02
289             	1.97054286e-01	-7.29003124e-02	4.17089768e-02	1.51697672e-06	-1.26422072e-02	-2.19552684e-02	9.85286598e-02	9.85256259e-02	-5.84054246e-02	-1.44948878e-02	8.21228122e-03	3.34966956e-02
290             	1.96920691e-01	-7.22600867e-02	4.13794555e-02	1.51205137e-06	-1.25445673e-02	-2.17696416e-02	9.84618575e-02	9.84588334e-02	-5.78996849e-02	-1.43604018e-02	8.14516050e-03	3.32342950e-02
291             	1.96786510e-01	-7.16480547e-02	4.10563292e-02	1.50809622e-06	-1.24488419e-02	-2.15926423e-02	9.83947629e-02	9.83917467e-02	-5.74166696e-02	-1.42313850e-02	8.07932273e-03	3.29770065e-02
292             	1.96650963e-01	-7.10645413e-02	4.07401930e-02	1.50516436e-06	-1.23552341e-02	-2.14243485e-02	9.83269869e-02	9.83239766e-02	-5.69566191e-02	-1.41079222e-02	8.01486239e-03	3.27253306e-02
293             	1.96514889e-01	-7.05092257e-02	4.04314103e-02	1.50334312e-06	-1.22638657e-02	-2.12645969e-02	9.82589477e-02	9.82559410e-02	-5.65192097e-02	-1.39900160e-02	7.95183945e-03	3.24795708e-02
294             	1.96380580e-01	-6.99815027e-02	4.01303520e-02	1.50286585e-06	-1.21748337e-02	-2.11130593e-02	9.81917930e-02	9.81887873e-02	-5.61038107e-02	-1.38776920e-02	7.89034225e-03	3.22400097e-02
295             	1.96249462e-01	-6.94784434e-02	3.98365295e-02	1.50389048e-06	-1.20880382e-02	-2.09688794e-02	9.81262348e-02	9.81232270e-02	-5.57081010e-02	-1.37703423e-02	7.83022651e-03	3.20063029e-02
296             	1.96122966e-01	-6.89979184e-02	3.95497912e-02	1.50638782e-06	-1.20034214e-02	-2.08312973e-02	9.80629892e-02	9.80599764e-02	-5.53302566e-02	-1.36676619e-02	7.77147423e-03	3.17783169e-02
297             	1.96001310e-01	-6.85379763e-02	3.92702360e-02	1.51025508e-06	-1.19210101e-02	-2.06996125e-02	9.80021655e-02	9.79991450e-02	-5.49686007e-02	-1.35693757e-02	7.71410794e-03	3.15561281e-02
298             	1.95883949e-01	-6.80966831e-02	3.89980897e-02	1.51540744e-06	-1.18408600e-02	-2.05731505e-02	9.79434901e-02	9.79404593e-02	-5.46214921e-02	-1.34751910e-02	7.65818483e-03	3.13399049e-02
299             	1.95770687e-01	-6.76715371e-02	3.87333294e-02	1.52155881e-06	-1.17629585e-02	-2.04511102e-02	9.78868652e-02	9.78838221e-02	-5.42868787e-02	-1.33846583e-02	7.60370622e-03	3.11296232e-02
300             	1.95661043e-01	-6.72594345e-02	3.84757531e-02	1.52866564e-06	-1.16872350e-02	-2.03325062e-02	9.78320504e-02	9.78289930e-02	-5.39622235e-02	-1.32972110e-02	7.55064157e-03	3.09251115e-02
301             	1.95554778e-01	-6.68566788e-02	3.82252166e-02	1.53682723e-06	-1.16136586e-02	-2.02161815e-02	9.77789258e-02	9.77758521e-02	-5.36445209e-02	-1.32121579e-02	7.49894971e-03	3.07262669e-02
302             	1.95451750e-01	-6.64600729e-02	3.79815398e-02	1.54579162e-06	-1.15421385e-02	-2.01010338e-02	9.77274209e-02	9.77243293e-02	-5.33310702e-02	-1.31290026e-02	7.44863138e-03	3.05329084e-02
303             	1.95351970e-01	-6.60663345e-02	3.77445445e-02	1.55505784e-06	-1.14726086e-02	-1.99860054e-02	9.76775401e-02	9.76744300e-02	-5.30191726e-02	-1.30471619e-02	7.39966368e-03	3.03448808e-02
304             	1.95255508e-01	-6.56722872e-02	3.75140138e-02	1.56445286e-06	-1.14050078e-02	-1.98701099e-02	9.76293186e-02	9.76261897e-02	-5.27062535e-02	-1.29660337e-02	7.35199910e-03	3.01620147e-02
305             	1.95162359e-01	-6.52750872e-02	3.72897829e-02	1.57362776e-06	-1.13392934e-02	-1.97524845e-02	9.75827534e-02	9.75796061e-02	-5.23900280e-02	-1.28850591e-02	7.30559806e-03	2.99841849e-02
306             	1.95071494e-01	-6.48722002e-02	3.70713707e-02	1.58215382e-06	-1.12753000e-02	-1.96323439e-02	9.75373290e-02	9.75341647e-02	-5.20684440e-02	-1.28037562e-02	7.26038540e-03	2.98109853e-02
307             	1.94981286e-01	-6.44617152e-02	3.68583927e-02	1.58976932e-06	-1.12129055e-02	-1.95091217e-02	9.74922328e-02	9.74890533e-02	-5.17399793e-02	-1.27217358e-02	7.21629087e-03	2.96421018e-02
308             	1.94890273e-01	-6.40420620e-02	3.66506370e-02	1.59623070e-06	-1.11520514e-02	-1.93823796e-02	9.74467325e-02	9.74435401e-02	-5.14034106e-02	-1.26386513e-02	7.17326710e-03	2.94773699e-02
309             	1.94797429e-01	-6.36115048e-02	3.64481691e-02	1.60139002e-06	-1.10927800e-02	-1.92516283e-02	9.74003160e-02	9.73971133e-02	-5.10573807e-02	-1.25541241e-02	7.13130458e-03	2.93168645e-02
310             	1.94702501e-01	-6.31690763e-02	3.62510635e-02	1.60506493e-06	-1.10351405e-02	-1.91166376e-02	9.73528558e-02	9.73496456e-02	-5.07011758e-02	-1.24679005e-02	7.09039126e-03	2.91606722e-02
311             	1.94604915e-01	-6.27146631e-02	3.60595719e-02	1.60702840e-06	-1.09792253e-02	-1.89774432e-02	9.73040647e-02	9.73008506e-02	-5.03347747e-02	-1.23798883e-02	7.05056058e-03	2.90090113e-02
312             	1.94504030e-01	-6.22487130e-02	3.58738122e-02	1.60712327e-06	-1.09250648e-02	-1.88342640e-02	9.72536223e-02	9.72504081e-02	-4.99586205e-02	-1.22900925e-02	7.01184127e-03	2.88619710e-02
313             	1.94399077e-01	-6.17721140e-02	3.56937197e-02	1.60519056e-06	-1.08726273e-02	-1.86874699e-02	9.72011439e-02	9.71979336e-02	-4.95735269e-02	-1.21985871e-02	6.97423256e-03	2.87194871e-02
314             	1.94289420e-01	-6.12862312e-02	3.55192528e-02	1.60134301e-06	-1.08218973e-02	-1.85375812e-02	9.71463113e-02	9.71431086e-02	-4.91806968e-02	-1.21055344e-02	6.93772907e-03	2.85815237e-02
315             	1.94174801e-01	-6.07925696e-02	3.53505175e-02	1.59575295e-06	-1.07729177e-02	-1.83851591e-02	9.70889962e-02	9.70858047e-02	-4.87814439e-02	-1.20111257e-02	6.90234108e-03	2.84481764e-02
316             	1.94055131e-01	-6.02928465e-02	3.51877368e-02	1.58849887e-06	-1.07257719e-02	-1.82308325e-02	9.70291539e-02	9.70259769e-02	-4.83772557e-02	-1.19155908e-02	6.86809647e-03	2.83196404e-02
317             	1.93930276e-01	-5.97896809e-02	3.50313117e-02	1.57968009e-06	-1.06805963e-02	-1.80755147e-02	9.69667178e-02	9.69635585e-02	-4.79703551e-02	-1.18193257e-02	6.83505954e-03	2.81962521e-02
318             	1.93800499e-01	-5.92863474e-02	3.48813564e-02	1.56945110e-06	-1.06374194e-02	-1.79203014e-02	9.69018192e-02	9.68986803e-02	-4.75634751e-02	-1.17228723e-02	6.80325882e-03	2.80780975e-02
319             	1.93665771e-01	-5.87860491e-02	3.47377204e-02	1.55811883e-06	-1.05961965e-02	-1.77663359e-02	9.68344438e-02	9.68313275e-02	-4.71593604e-02	-1.16266887e-02	6.77266367e-03	2.79650567e-02
320             	1.93526449e-01	-5.82919185e-02	3.46004984e-02	1.54594354e-06	-1.05569562e-02	-1.76146560e-02	9.67647706e-02	9.67616787e-02	-4.67606152e-02	-1.15313033e-02	6.74329297e-03	2.78572054e-02
321             	1.93383180e-01	-5.78072223e-02	3.44699914e-02	1.53315213e-06	-1.05197853e-02	-1.74663122e-02	9.66931233e-02	9.66900570e-02	-4.63699233e-02	-1.14372990e-02	6.71521043e-03	2.77547810e-02
322             	1.93236676e-01	-5.73349700e-02	3.43462626e-02	1.52000514e-06	-1.04846943e-02	-1.73222720e-02	9.66198580e-02	9.66168180e-02	-4.59897570e-02	-1.13452130e-02	6.68843699e-03	2.76578256e-02
323             	1.93087982e-01	-5.68779534e-02	3.42291044e-02	1.50664405e-06	-1.04516092e-02	-1.71834360e-02	9.65454979e-02	9.65424846e-02	-4.56224127e-02	-1.12555407e-02	6.66294297e-03	2.75661614e-02
324             	1.92938340e-01	-5.64389626e-02	3.41183290e-02	1.49328195e-06	-1.04204593e-02	-1.70506980e-02	9.64706633e-02	9.64676767e-02	-4.52701793e-02	-1.11687833e-02	6.63870513e-03	2.74796238e-02
325             	1.92788223e-01	-5.60208497e-02	3.40135355e-02	1.48012350e-06	-1.03910980e-02	-1.69249677e-02	9.63955914e-02	9.63926311e-02	-4.49353925e-02	-1.10854572e-02	6.61566976e-03	2.73978657e-02
326             	1.92638180e-01	-5.56255747e-02	3.39143075e-02	1.46735941e-06	-1.03633732e-02	-1.68068352e-02	9.63205571e-02	9.63176224e-02	-4.46196226e-02	-1.10059522e-02	6.59378052e-03	2.73205270e-02
327             	1.92489218e-01	-5.52547892e-02	3.38205997e-02	1.45518342e-06	-1.03372615e-02	-1.66967743e-02	9.62460643e-02	9.62431539e-02	-4.43241689e-02	-1.09306203e-02	6.57303840e-03	2.72475613e-02
328             	1.92342057e-01	-5.49097674e-02	3.37322667e-02	1.44372592e-06	-1.03127026e-02	-1.65951286e-02	9.61724723e-02	9.61695849e-02	-4.40500123e-02	-1.08597551e-02	6.55343074e-03	2.71788360e-02
329             	1.92197714e-01	-5.45919062e-02	3.36491939e-02	1.43305939e-06	-1.02896134e-02	-1.65021578e-02	9.61002902e-02	9.60974240e-02	-4.37981110e-02	-1.07937953e-02	6.53498354e-03	2.71142104e-02
330             	1.92057663e-01	-5.42999467e-02	3.35705275e-02	1.42320556e-06	-1.02677476e-02	-1.64175826e-02	9.60302547e-02	9.60274083e-02	-4.35675560e-02	-1.07323907e-02	6.51751611e-03	2.70530114e-02
331             	1.91922749e-01	-5.40340186e-02	3.34956117e-02	1.41420282e-06	-1.02468795e-02	-1.63413387e-02	9.59627885e-02	9.59599601e-02	-4.33583480e-02	-1.06756706e-02	6.50092638e-03	2.69946853e-02
332             	1.91793452e-01	-5.37939439e-02	3.34239877e-02	1.40606637e-06	-1.02268453e-02	-1.62732008e-02	9.58981320e-02	9.58953199e-02	-4.31701727e-02	-1.06237712e-02	6.48514852e-03	2.69388392e-02
333             	1.91669559e-01	-5.35791553e-02	3.33552483e-02	1.39874663e-06	-1.02075047e-02	-1.62128375e-02	9.58361782e-02	9.58333807e-02	-4.30024152e-02	-1.05767402e-02	6.47011947e-03	2.68851289e-02
334             	1.91550986e-01	-5.33880218e-02	3.32891844e-02	1.39218536e-06	-1.01887995e-02	-1.61596394e-02	9.57768852e-02	9.57741008e-02	-4.28536503e-02	-1.05343715e-02	6.45579277e-03	2.68333917e-02
335             	1.91438242e-01	-5.32181023e-02	3.32254817e-02	1.38631568e-06	-1.01706449e-02	-1.61127459e-02	9.57205075e-02	9.57177348e-02	-4.27217971e-02	-1.04963053e-02	6.44209595e-03	2.67833858e-02
336             	1.91332314e-01	-5.30662601e-02	3.31636975e-02	1.38101179e-06	-1.01529168e-02	-1.60710989e-02	9.56675382e-02	9.56647762e-02	-4.26042290e-02	-1.04620311e-02	6.42893193e-03	2.67347656e-02
337             	1.91233794e-01	-5.29293315e-02	3.31037039e-02	1.37617051e-06	-1.01355933e-02	-1.60336461e-02	9.56182733e-02	9.56155209e-02	-4.24983118e-02	-1.04310197e-02	6.41625867e-03	2.66874453e-02
338             	1.91142953e-01	-5.28039495e-02	3.30453862e-02	1.37168157e-06	-1.01186535e-02	-1.59992441e-02	9.55728482e-02	9.55701049e-02	-4.24012189e-02	-1.04027306e-02	6.40403965e-03	2.66413466e-02
339             	1.91059234e-01	-5.26872236e-02	3.29886902e-02	1.36748622e-06	-1.01021011e-02	-1.59669123e-02	9.55309843e-02	9.55282493e-02	-4.23105241e-02	-1.03766995e-02	6.39224398e-03	2.65964462e-02
340             	1.90981715e-01	-5.25764477e-02	3.29336588e-02	1.36351528e-06	-1.00859741e-02	-1.59357543e-02	9.54922211e-02	9.54894941e-02	-4.22239782e-02	-1.03524695e-02	6.38085535e-03	2.65528035e-02
341             	1.90908760e-01	-5.24689587e-02	3.28806103e-02	1.35969360e-06	-1.00703776e-02	-1.59048561e-02	9.54557394e-02	9.54530201e-02	-4.21393354e-02	-1.03296233e-02	6.36992751e-03	2.65106828e-02
342             	1.90840734e-01	-5.23620601e-02	3.28297145e-02	1.35596012e-06	-1.00554545e-02	-1.58735062e-02	9.54217229e-02	9.54190110e-02	-4.20545362e-02	-1.03075239e-02	6.35940274e-03	2.64703118e-02
343             	1.90777235e-01	-5.22532752e-02	3.27815695e-02	1.35228800e-06	-1.00414143e-02	-1.58409228e-02	9.53899696e-02	9.53872651e-02	-4.19675604e-02	-1.02857148e-02	6.34937042e-03	2.64321991e-02
344             	1.90717909e-01	-5.21403493e-02	3.27367972e-02	1.34865979e-06	-1.00284587e-02	-1.58063917e-02	9.53603030e-02	9.53576057e-02	-4.18765663e-02	-1.02637830e-02	6.33993991e-03	2.63968573e-02
345             	1.90662503e-01	-5.20212545e-02	3.26959644e-02	1.34511300e-06	-1.00167869e-02	-1.57693190e-02	9.53325966e-02	9.53299064e-02	-4.17799463e-02	-1.02413083e-02	6.33119533e-03	2.63647690e-02
346             	1.90610359e-01	-5.18947485e-02	3.26598521e-02	1.34165108e-06	-1.00066380e-02	-1.57293471e-02	9.53065210e-02	9.53038377e-02	-4.16767213e-02	-1.02180271e-02	6.32328802e-03	2.63365641e-02
347             	1.90561147e-01	-5.17600617e-02	3.26290040e-02	1.33828277e-06	-9.99820975e-03	-1.56863474e-02	9.52819117e-02	9.52792351e-02	-4.15663783e-02	-1.01936835e-02	6.31629224e-03	2.63127117e-02
348             	1.90513748e-01	-5.16179678e-02	3.26039273e-02	1.33501381e-06	-9.99164388e-03	-1.56406286e-02	9.52582089e-02	9.52555389e-02	-4.14496125e-02	-1.01683553e-02	6.31031977e-03	2.62936075e-02
349             	1.90468686e-01	-5.14669208e-02	3.25847184e-02	1.33184115e-06	-9.98705199e-03	-1.55919499e-02	9.52356747e-02	9.52330110e-02	-4.13254104e-02	-1.01415105e-02	6.30530720e-03	2.62794112e-02
350             	1.90425140e-01	-5.13077911e-02	3.25720532e-02	1.32888002e-06	-9.98463017e-03	-1.55406680e-02	9.52138986e-02	9.52112409e-02	-4.11945635e-02	-1.01132275e-02	6.30139641e-03	2.62706567e-02
351             	1.90382451e-01	-5.11424464e-02	3.25664793e-02	1.32621987e-06	-9.98450847e-03	-1.54874331e-02	9.51925518e-02	9.51898994e-02	-4.10586563e-02	-1.00837901e-02	6.29873117e-03	2.62677481e-02
352             	1.90340292e-01	-5.09729651e-02	3.25684500e-02	1.32394686e-06	-9.98679439e-03	-1.54329736e-02	9.51714702e-02	9.51688223e-02	-4.09194561e-02	-1.00535090e-02	6.29743060e-03	2.62710194e-02
353             	1.90298732e-01	-5.08013586e-02	3.25782012e-02	1.32217625e-06	-9.99154033e-03	-1.53780134e-02	9.51506882e-02	9.51480439e-02	-4.07786927e-02	-1.00226660e-02	6.29756026e-03	2.62806409e-02
354             	1.90257759e-01	-5.06295829e-02	3.25958401e-02	1.32097024e-06	-9.99876986e-03	-1.53232660e-02	9.51302004e-02	9.51275585e-02	-4.06380575e-02	-9.99152541e-03	6.29915020e-03	2.62966899e-02
355             	1.90217140e-01	-5.04598392e-02	3.26213351e-02	1.32037000e-06	-1.00084640e-02	-1.52695177e-02	9.51098902e-02	9.51072495e-02	-4.04994372e-02	-9.96040194e-03	6.30220356e-03	2.63191316e-02
356             	1.90176996e-01	-5.02944892e-02	3.26545834e-02	1.32040699e-06	-1.00205695e-02	-1.52175722e-02	9.50898184e-02	9.50871776e-02	-4.03648168e-02	-9.92967234e-03	6.30672221e-03	2.63478612e-02
357             	1.90137298e-01	-5.01361779e-02	3.26955819e-02	1.32112947e-06	-1.00350571e-02	-1.51682897e-02	9.50699701e-02	9.50673279e-02	-4.02363787e-02	-9.89979923e-03	6.31273384e-03	2.63828480e-02
358             	1.90098323e-01	-4.99861794e-02	3.27446403e-02	1.32257255e-06	-1.00519851e-02	-1.51222142e-02	9.50504840e-02	9.50478388e-02	-4.01153039e-02	-9.87087548e-03	6.32033506e-03	2.64243052e-02
359             	1.90060006e-01	-4.98501896e-02	3.28007133e-02	1.32477605e-06	-1.00710080e-02	-1.50807944e-02	9.50313278e-02	9.50286782e-02	-4.00058892e-02	-9.84430042e-03	6.32934864e-03	2.64713647e-02
360             	1.90021830e-01	-4.97286331e-02	3.28639957e-02	1.32776543e-06	-1.00921589e-02	-1.50443133e-02	9.50122427e-02	9.50095871e-02	-3.99086298e-02	-9.82000323e-03	6.33983891e-03	2.65241568e-02
361             	1.89984125e-01	-4.96223867e-02	3.29344417e-02	1.33155575e-06	-1.01154127e-02	-1.50130673e-02	9.49933941e-02	9.49907310e-02	-3.98242607e-02	-9.79812604e-03	6.35180819e-03	2.65826335e-02
362             	1.89947326e-01	-4.95323998e-02	3.30120815e-02	1.33614939e-06	-1.01407568e-02	-1.49873573e-02	9.49749989e-02	9.49723266e-02	-3.97535572e-02	-9.77884263e-03	6.36528392e-03	2.66467976e-02
363             	1.89912826e-01	-4.94602152e-02	3.30961137e-02	1.34157913e-06	-1.01679407e-02	-1.49675050e-02	9.49577546e-02	9.49550714e-02	-3.96976126e-02	-9.76260258e-03	6.38011613e-03	2.67159976e-02
364             	1.89880819e-01	-4.94067756e-02	3.31854970e-02	1.34782458e-06	-1.01966483e-02	-1.49536338e-02	9.49417573e-02	9.49390616e-02	-3.96570216e-02	-9.74975403e-03	6.39610014e-03	2.67893968e-02
365             	1.89851349e-01	-4.93722154e-02	3.32799212e-02	1.35482165e-06	-1.02267732e-02	-1.49457371e-02	9.49270291e-02	9.49243195e-02	-3.96318448e-02	-9.74037059e-03	6.41318746e-03	2.68667338e-02
366             	1.89824376e-01	-4.93560511e-02	3.33793325e-02	1.36251878e-06	-1.02582924e-02	-1.49436318e-02	9.49135504e-02	9.49108254e-02	-3.96216573e-02	-9.73439375e-03	6.43137386e-03	2.69479586e-02
367             	1.89800118e-01	-4.93573621e-02	3.34836165e-02	1.37086727e-06	-1.02911740e-02	-1.49469706e-02	9.49014300e-02	9.48986883e-02	-3.96256516e-02	-9.73171044e-03	6.45063420e-03	2.70329823e-02
368             	1.89778957e-01	-4.93749141e-02	3.35924479e-02	1.37980640e-06	-1.03253273e-02	-1.49552731e-02	9.48908585e-02	9.48880988e-02	-3.96427301e-02	-9.73218396e-03	6.47089661e-03	2.71215512e-02
369             	1.89761260e-01	-4.94071199e-02	3.37055277e-02	1.38930866e-06	-1.03606793e-02	-1.49679260e-02	9.48820194e-02	9.48792407e-02	-3.96714859e-02	-9.73563394e-03	6.49208452e-03	2.72134431e-02
370             	1.89747561e-01	-4.94522176e-02	3.38226583e-02	1.39933317e-06	-1.03971946e-02	-1.49842798e-02	9.48751798e-02	9.48723812e-02	-3.97103886e-02	-9.74182902e-03	6.51413458e-03	2.73085237e-02
371             	1.89737657e-01	-4.95079740e-02	3.39434349e-02	1.40981401e-06	-1.04347773e-02	-1.50035612e-02	9.48702382e-02	9.48674185e-02	-3.97575482e-02	-9.75042576e-03	6.53694013e-03	2.74064948e-02
372             	1.89731761e-01	-4.95728475e-02	3.40684920e-02	1.42071672e-06	-1.04736393e-02	-1.50252550e-02	9.48673013e-02	9.48644599e-02	-3.98116788e-02	-9.76116869e-03	6.56060669e-03	2.75078853e-02
373             	1.89729802e-01	-4.96444735e-02	3.41976940e-02	1.43197938e-06	-1.05137536e-02	-1.50485897e-02	9.48663332e-02	9.48634692e-02	-3.98708264e-02	-9.77364701e-03	6.58509344e-03	2.76126006e-02
374             	1.89731744e-01	-4.97203134e-02	3.43308586e-02	1.44353840e-06	-1.05550791e-02	-1.50727430e-02	9.48673154e-02	9.48644283e-02	-3.99328997e-02	-9.78741373e-03	6.61035016e-03	2.77205084e-02
375             	1.89737558e-01	-4.97980623e-02	3.44678684e-02	1.45537841e-06	-1.05975967e-02	-1.50969780e-02	9.48702346e-02	9.48673238e-02	-3.99960091e-02	-9.80205320e-03	6.63633749e-03	2.78315309e-02
376             	1.89746994e-01	-4.98756392e-02	3.46086306e-02	1.46745133e-06	-1.06413048e-02	-1.51206577e-02	9.48749644e-02	9.48720295e-02	-4.00584773e-02	-9.81716188e-03	6.66301053e-03	2.79456201e-02
377             	1.89759712e-01	-4.99514895e-02	3.47533997e-02	1.47967154e-06	-1.06862753e-02	-1.51432964e-02	9.48813355e-02	9.48783761e-02	-4.01190412e-02	-9.83244834e-03	6.69042460e-03	2.80629751e-02
378             	1.89775271e-01	-5.00239741e-02	3.49023049e-02	1.49194829e-06	-1.07325647e-02	-1.51644232e-02	9.48891273e-02	9.48861434e-02	-4.01764103e-02	-9.84756385e-03	6.71858774e-03	2.81837172e-02
379             	1.89793624e-01	-5.00915728e-02	3.50553522e-02	1.50425649e-06	-1.07801831e-02	-1.51836099e-02	9.48983164e-02	9.48953079e-02	-4.02293963e-02	-9.86217645e-03	6.74749301e-03	2.83078592e-02
380             	1.89814173e-01	-5.01528165e-02	3.52122771e-02	1.51657532e-06	-1.08290834e-02	-1.52004822e-02	9.49086029e-02	9.49055698e-02	-4.02768904e-02	-9.87592606e-03	6.77705517e-03	2.84352220e-02
381             	1.89837580e-01	-5.02075592e-02	3.53736927e-02	1.52886453e-06	-1.08793927e-02	-1.52149913e-02	9.49203189e-02	9.49172612e-02	-4.03187709e-02	-9.88878832e-03	6.80745365e-03	2.85662390e-02
382             	1.89863286e-01	-5.02553325e-02	3.55395437e-02	1.54111209e-06	-1.09310897e-02	-1.52270622e-02	9.49331841e-02	9.49301019e-02	-4.03547285e-02	-9.90060403e-03	6.83868209e-03	2.87008616e-02
383             	1.89890454e-01	-5.02957601e-02	3.57095119e-02	1.55328698e-06	-1.09840826e-02	-1.52366671e-02	9.49467802e-02	9.49436736e-02	-4.03845472e-02	-9.91121294e-03	6.87067335e-03	2.88388385e-02
384             	1.89918403e-01	-5.03287443e-02	3.58833399e-02	1.56535591e-06	-1.10382902e-02	-1.52438573e-02	9.49607670e-02	9.49576363e-02	-4.04082295e-02	-9.92051487e-03	6.90337974e-03	2.89799602e-02
385             	1.89946850e-01	-5.03545946e-02	3.60609250e-02	1.57730968e-06	-1.10936651e-02	-1.52487948e-02	9.49750023e-02	9.49718476e-02	-4.04260921e-02	-9.92850246e-03	6.93679739e-03	2.91241276e-02
386             	1.89975620e-01	-5.03740983e-02	3.62422638e-02	1.58913929e-06	-1.11501881e-02	-1.52517835e-02	9.49893993e-02	9.49862210e-02	-4.04388326e-02	-9.93526569e-03	6.97094384e-03	2.92713200e-02
387             	1.90004479e-01	-5.03883219e-02	3.64273105e-02	1.60085235e-06	-1.12078232e-02	-1.52532094e-02	9.50038405e-02	9.50006388e-02	-4.04473704e-02	-9.94095153e-03	7.00583201e-03	2.94214785e-02
388             	1.90033117e-01	-5.03983637e-02	3.66158587e-02	1.61247188e-06	-1.12664875e-02	-1.52534660e-02	9.50181712e-02	9.50149463e-02	-4.04526479e-02	-9.94571581e-03	7.04144182e-03	2.95744169e-02
389             	1.90061275e-01	-5.04052448e-02	3.68076342e-02	1.62406904e-06	-1.13260840e-02	-1.52529148e-02	9.50322617e-02	9.50290136e-02	-4.04555372e-02	-9.94970761e-03	7.07773312e-03	2.97299011e-02
390             	1.90088743e-01	-5.04099693e-02	3.70023614e-02	1.63567287e-06	-1.13865212e-02	-1.52519024e-02	9.50460071e-02	9.50427358e-02	-4.04568871e-02	-9.95308224e-03	7.11465952e-03	2.98877019e-02
391             	1.90115339e-01	-5.04136093e-02	3.71997949e-02	1.64728230e-06	-1.14477170e-02	-1.52507879e-02	9.50593170e-02	9.50560224e-02	-4.04575926e-02	-9.95601670e-03	7.15218045e-03	3.00476145e-02
392             	1.90140958e-01	-5.04173922e-02	3.73997464e-02	1.65889837e-06	-1.15096078e-02	-1.52499711e-02	9.50721380e-02	9.50688202e-02	-4.04586672e-02	-9.95872503e-03	7.19026543e-03	3.02094809e-02
393             	1.90165525e-01	-5.04225177e-02	3.76021078e-02	1.67055377e-06	-1.15721576e-02	-1.52498306e-02	9.50844332e-02	9.50810921e-02	-4.04610894e-02	-9.96142827e-03	7.22889625e-03	3.03732115e-02
394             	1.90189122e-01	-5.04301302e-02	3.78067021e-02	1.68229512e-06	-1.16353090e-02	-1.52507197e-02	9.50962431e-02	9.50928785e-02	-4.04657848e-02	-9.96434534e-03	7.26804203e-03	3.05386600e-02
395             	1.90212011e-01	-5.04410617e-02	3.80133270e-02	1.69416798e-06	-1.16990023e-02	-1.52528824e-02	9.51076998e-02	9.51043115e-02	-4.04734132e-02	-9.96764849e-03	7.30766113e-03	3.07056658e-02
396             	1.90234453e-01	-5.04559976e-02	3.82217857e-02	1.70619969e-06	-1.17631852e-02	-1.52565077e-02	9.51189326e-02	9.51155202e-02	-4.04845065e-02	-9.97149112e-03	7.34770760e-03	3.08740781e-02
397             	1.90256588e-01	-5.04754272e-02	3.84319165e-02	1.71842618e-06	-1.18278159e-02	-1.52617197e-02	9.51300125e-02	9.51265756e-02	-4.04994333e-02	-9.97599393e-03	7.38814234e-03	3.10437741e-02
398             	1.90278668e-01	-5.04996243e-02	3.86435989e-02	1.73089592e-06	-1.18928664e-02	-1.52685693e-02	9.51410651e-02	9.51376034e-02	-4.05183815e-02	-9.98124288e-03	7.42893307e-03	3.12146658e-02
399             	1.90300973e-01	-5.05287000e-02	3.88567705e-02	1.74368088e-06	-1.19583299e-02	-1.52770529e-02	9.51522303e-02	9.51487429e-02	-4.05414028e-02	-9.98729714e-03	7.47005537e-03	3.13867151e-02
400             	1.90323599e-01	-5.05626661e-02	3.90713879e-02	1.75679283e-06	-1.20242066e-02	-1.52871368e-02	9.51635561e-02	9.51600425e-02	-4.05684699e-02	-9.99419623e-03	7.51148738e-03	3.15599005e-02
401             	1.90346691e-01	-5.06013372e-02	3.92874054e-02	1.77025698e-06	-1.20904923e-02	-1.52987247e-02	9.51751156e-02	9.51715750e-02	-4.05993933e-02	-1.00019438e-02	7.55321041e-03	3.17341950e-02
402             	1.90370477e-01	-5.06443069e-02	3.95047389e-02	1.78406796e-06	-1.21571684e-02	-1.53116493e-02	9.51870224e-02	9.51834542e-02	-4.06338028e-02	-1.00105041e-02	7.59520102e-03	3.19095379e-02
403             	1.90395238e-01	-5.06909167e-02	3.97232254e-02	1.79823651e-06	-1.22241901e-02	-1.53256638e-02	9.51994174e-02	9.51958209e-02	-4.06711222e-02	-1.00197946e-02	7.63742261e-03	3.20858028e-02
404             	1.90421400e-01	-5.07401775e-02	3.99427430e-02	1.81277128e-06	-1.22915271e-02	-1.53404160e-02	9.52125130e-02	9.52088874e-02	-4.07105048e-02	-1.00296727e-02	7.67984437e-03	3.22628986e-02
405             	1.90449355e-01	-5.07909516e-02	4.01632319e-02	1.82767470e-06	-1.23591664e-02	-1.53555136e-02	9.52265054e-02	9.52228500e-02	-4.07509894e-02	-1.00399622e-02	7.72244958e-03	3.24407823e-02
406             	1.90479209e-01	-5.08420852e-02	4.03845573e-02	1.84293282e-06	-1.24270719e-02	-1.53705676e-02	9.52414474e-02	9.52377616e-02	-4.07916102e-02	-1.00504750e-02	7.76520674e-03	3.26193506e-02
407             	1.90510822e-01	-5.08924841e-02	4.06065525e-02	1.85852648e-06	-1.24951956e-02	-1.53852189e-02	9.52572694e-02	9.52535523e-02	-4.08314609e-02	-1.00610232e-02	7.80808062e-03	3.27984719e-02
408             	1.90544008e-01	-5.09410966e-02	4.08291942e-02	1.87442223e-06	-1.25635329e-02	-1.53991276e-02	9.52738783e-02	9.52701294e-02	-4.08696759e-02	-1.00714206e-02	7.85106418e-03	3.29781301e-02
409             	1.90579012e-01	-5.09866684e-02	4.10524779e-02	1.89058565e-06	-1.26320800e-02	-1.54118926e-02	9.52913966e-02	9.52876154e-02	-4.09052268e-02	-1.00814416e-02	7.89415895e-03	3.31583189e-02
410             	1.90616031e-01	-5.10279420e-02	4.12762290e-02	1.90696281e-06	-1.27007749e-02	-1.54231170e-02	9.53099224e-02	9.53061084e-02	-4.09370881e-02	-1.00908540e-02	7.93733958e-03	3.33388895e-02
411             	1.90654986e-01	-5.10637122e-02	4.15002538e-02	1.92351280e-06	-1.27695545e-02	-1.54324265e-02	9.53294165e-02	9.53255695e-02	-4.09642826e-02	-1.00994296e-02	7.98057242e-03	3.35196813e-02
412             	1.90695511e-01	-5.10928500e-02	4.17243576e-02	1.94022552e-06	-1.28383539e-02	-1.54394740e-02	9.53496959e-02	9.53458155e-02	-4.09858990e-02	-1.01069510e-02	8.02382488e-03	3.37005327e-02
413             	1.90737221e-01	-5.11143069e-02	4.19483568e-02	1.95702975e-06	-1.29071097e-02	-1.54439437e-02	9.53705676e-02	9.53666535e-02	-4.10010972e-02	-1.01132097e-02	8.06706869e-03	3.38812881e-02
414             	1.90779895e-01	-5.11272192e-02	4.21720998e-02	1.97384744e-06	-1.29757692e-02	-1.54455853e-02	9.53919214e-02	9.53879737e-02	-4.10091949e-02	-1.01180243e-02	8.11028069e-03	3.40618191e-02
415             	1.90823336e-01	-5.11308584e-02	4.23954365e-02	1.99065250e-06	-1.30442809e-02	-1.54441945e-02	9.54136588e-02	9.54096775e-02	-4.10096237e-02	-1.01212347e-02	8.15343735e-03	3.42419991e-02
416             	1.90867197e-01	-5.11246129e-02	4.26182480e-02	2.00742404e-06	-1.31126006e-02	-1.54396082e-02	9.54356061e-02	9.54315912e-02	-4.10019147e-02	-1.01226982e-02	8.19652343e-03	3.44217246e-02
417             	1.90911027e-01	-5.11081091e-02	4.28404461e-02	2.02413290e-06	-1.31806987e-02	-1.54317457e-02	9.54575376e-02	9.54534893e-02	-4.09858003e-02	-1.01223088e-02	8.23952431e-03	3.46009218e-02
418             	1.90954409e-01	-5.10811163e-02	4.30619863e-02	2.04073094e-06	-1.32485616e-02	-1.54205736e-02	9.54792454e-02	9.54751639e-02	-4.09611318e-02	-1.01199845e-02	8.28243153e-03	3.47795548e-02
419             	1.90997023e-01	-5.10436536e-02	4.32828671e-02	2.05718539e-06	-1.33161881e-02	-1.54061374e-02	9.55005685e-02	9.54964541e-02	-4.09279643e-02	-1.01156894e-02	8.32524548e-03	3.49576217e-02
420             	1.91038554e-01	-5.09958045e-02	4.35030850e-02	2.07349675e-06	-1.33835796e-02	-1.53885030e-02	9.55213503e-02	9.55172034e-02	-4.08864052e-02	-1.01093993e-02	8.36796291e-03	3.51351221e-02
421             	1.91078772e-01	-5.09378703e-02	4.37226268e-02	2.08969945e-06	-1.34507338e-02	-1.53678020e-02	9.55414756e-02	9.55372962e-02	-4.08367372e-02	-1.01011331e-02	8.41057956e-03	3.53120472e-02
422             	1.91117498e-01	-5.08703649e-02	4.39414842e-02	2.10583502e-06	-1.35176516e-02	-1.53442302e-02	9.55608549e-02	9.55566433e-02	-4.07794127e-02	-1.00909522e-02	8.45309050e-03	3.54883937e-02
423             	1.91154555e-01	-5.07939927e-02	4.41597759e-02	2.12189820e-06	-1.35843775e-02	-1.53180405e-02	9.55793994e-02	9.55751556e-02	-4.07150368e-02	-1.00789559e-02	8.49551042e-03	3.56642655e-02
424             	1.91189747e-01	-5.07095875e-02	4.43777483e-02	2.13790653e-06	-1.36509985e-02	-1.52895207e-02	9.55970114e-02	9.55927356e-02	-4.06443145e-02	-1.00652730e-02	8.53787563e-03	3.58398727e-02
425             	1.91222855e-01	-5.06180658e-02	4.45955924e-02	2.15389814e-06	-1.37175769e-02	-1.52589817e-02	9.56135814e-02	9.56092736e-02	-4.05680146e-02	-1.00500512e-02	8.58021932e-03	3.60153731e-02
426             	1.91253683e-01	-5.05204209e-02	4.48134409e-02	2.16993093e-06	-1.37841580e-02	-1.52267530e-02	9.56290116e-02	9.56246718e-02	-4.04869635e-02	-1.00334574e-02	8.62256243e-03	3.61908785e-02
427             	1.91282273e-01	-5.04174082e-02	4.50316930e-02	2.18605670e-06	-1.38508413e-02	-1.51930897e-02	9.56433224e-02	9.56389503e-02	-4.04017938e-02	-1.00156144e-02	8.66500518e-03	3.63666879e-02
428             	1.91308605e-01	-5.03102418e-02	4.52499566e-02	2.20236401e-06	-1.39175391e-02	-1.51583757e-02	9.56565048e-02	9.56521001e-02	-4.03134966e-02	-9.99674520e-03	8.70743915e-03	3.65425174e-02
429             	1.91332796e-01	-5.01999381e-02	4.54684147e-02	2.21886072e-06	-1.39843245e-02	-1.51229296e-02	9.56686166e-02	9.56641789e-02	-4.02228986e-02	-9.97703950e-03	8.74988283e-03	3.67185318e-02
430             	1.91355037e-01	-5.00874939e-02	4.56873337e-02	2.23555577e-06	-1.40512889e-02	-1.50870576e-02	9.56797542e-02	9.56752831e-02	-4.01308046e-02	-9.95668935e-03	8.79237793e-03	3.68949558e-02
431             	1.91375499e-01	-4.99737141e-02	4.59070759e-02	2.25252149e-06	-1.41185301e-02	-1.50510079e-02	9.56900020e-02	9.56854970e-02	-4.00378650e-02	-9.93584910e-03	8.83500782e-03	3.70720681e-02
432             	1.91394400e-01	-4.98592409e-02	4.61279055e-02	2.26982102e-06	-1.41861105e-02	-1.50149725e-02	9.56994698e-02	9.56949302e-02	-3.99445930e-02	-9.91464799e-03	8.87784225e-03	3.72500632e-02
433             	1.91412029e-01	-4.97447901e-02	4.63497867e-02	2.28750592e-06	-1.42540331e-02	-1.49791490e-02	9.57083018e-02	9.57037268e-02	-3.98515440e-02	-9.89324606e-03	8.92086029e-03	3.74289265e-02
434             	1.91428602e-01	-4.96308560e-02	4.65726755e-02	2.30560805e-06	-1.43222893e-02	-1.49436684e-02	9.57166067e-02	9.57119955e-02	-3.97590964e-02	-9.87175961e-03	8.96404844e-03	3.76086270e-02
435             	1.91444292e-01	-4.95178781e-02	4.67965235e-02	2.32416950e-06	-1.43908610e-02	-1.49086469e-02	9.57244703e-02	9.57198219e-02	-3.96675859e-02	-9.85029216e-03	9.00740073e-03	3.77891227e-02
436             	1.91459279e-01	-4.94062294e-02	4.70212943e-02	2.34324854e-06	-1.44597333e-02	-1.48741765e-02	9.57319829e-02	9.57272964e-02	-3.95772911e-02	-9.82893822e-03	9.05091378e-03	3.79703805e-02
437             	1.91473779e-01	-4.92960613e-02	4.72469289e-02	2.36288314e-06	-1.45288801e-02	-1.48402774e-02	9.57392522e-02	9.57345264e-02	-3.94883080e-02	-9.80775324e-03	9.09458437e-03	3.81523445e-02
438             	1.91487995e-01	-4.91872952e-02	4.74733962e-02	2.38306645e-06	-1.45982824e-02	-1.48068980e-02	9.57463807e-02	9.57416146e-02	-3.94005456e-02	-9.78674963e-03	9.13841571e-03	3.83349805e-02
439             	1.91502136e-01	-4.90797053e-02	4.77005469e-02	2.40373646e-06	-1.46678861e-02	-1.47739398e-02	9.57534719e-02	9.57486644e-02	-3.93137924e-02	-9.76591282e-03	9.18238730e-03	3.85181596e-02
440             	1.91516443e-01	-4.89728650e-02	4.79282018e-02	2.42491835e-06	-1.47376273e-02	-1.47412393e-02	9.57606463e-02	9.57557965e-02	-3.92276718e-02	-9.74519324e-03	9.22647363e-03	3.87017282e-02
441             	1.91531213e-01	-4.88661848e-02	4.81561465e-02	2.44664665e-06	-1.48074321e-02	-1.47085809e-02	9.57680531e-02	9.57631598e-02	-3.91416733e-02	-9.72451147e-03	9.27064113e-03	3.88855054e-02
442             	1.91546577e-01	-4.87591347e-02	4.83841090e-02	2.46881083e-06	-1.48772130e-02	-1.46757731e-02	9.57757573e-02	9.57708196e-02	-3.90553405e-02	-9.70379423e-03	9.31484151e-03	3.90692675e-02
443             	1.91562541e-01	-4.86510653e-02	4.86119409e-02	2.49133166e-06	-1.49469176e-02	-1.46425926e-02	9.57837620e-02	9.57787793e-02	-3.89681253e-02	-9.68294004e-03	9.35905282e-03	3.92528881e-02
444             	1.91579122e-01	-4.85411652e-02	4.88394032e-02	2.51412644e-06	-1.50164633e-02	-1.46087685e-02	9.57920752e-02	9.57870470e-02	-3.88793511e-02	-9.66181414e-03	9.40323826e-03	3.94361649e-02
445             	1.91596448e-01	-4.84284717e-02	4.90663083e-02	2.53717655e-06	-1.50857929e-02	-1.45739800e-02	9.58007610e-02	9.57956867e-02	-3.87882158e-02	-9.64025586e-03	9.44736127e-03	3.96189470e-02
446             	1.91614504e-01	-4.83120569e-02	4.92925569e-02	2.56038335e-06	-1.51548795e-02	-1.45379296e-02	9.58098125e-02	9.58046918e-02	-3.86939581e-02	-9.61809882e-03	9.49139897e-03	3.98011580e-02
447             	1.91632998e-01	-4.81910832e-02	4.95181476e-02	2.58368102e-06	-1.52237268e-02	-1.45003533e-02	9.58190828e-02	9.58139154e-02	-3.85958949e-02	-9.59518833e-03	9.53534706e-03	3.99828006e-02
448             	1.91651551e-01	-4.80649413e-02	4.97430363e-02	2.60715273e-06	-1.52923271e-02	-1.44610644e-02	9.58283827e-02	9.58231684e-02	-3.84935351e-02	-9.57140621e-03	9.57919109e-03	4.01638452e-02
449             	1.91669814e-01	-4.79331620e-02	4.99672067e-02	2.63077803e-06	-1.53606815e-02	-1.44199240e-02	9.58375378e-02	9.58322763e-02	-3.83865050e-02	-9.54665700e-03	9.62292185e-03	4.03442849e-02
450             	1.91687590e-01	-4.77953282e-02	5.01906757e-02	2.65443704e-06	-1.54287969e-02	-1.43768150e-02	9.58464496e-02	9.58411407e-02	-3.82744791e-02	-9.52084908e-03	9.66654092e-03	4.05241348e-02
451             	1.91704797e-01	-4.76510303e-02	5.04135284e-02	2.67796885e-06	-1.54966997e-02	-1.43316274e-02	9.58550763e-02	9.58497204e-02	-3.81571425e-02	-9.49388777e-03	9.71006448e-03	4.07034639e-02
452             	1.91721438e-01	-4.74999491e-02	5.06357148e-02	2.70130202e-06	-1.55643796e-02	-1.42842769e-02	9.58634201e-02	9.58580174e-02	-3.80342515e-02	-9.46569765e-03	9.75347778e-03	4.08822371e-02
453             	1.91737438e-01	-4.73419718e-02	5.08571498e-02	2.72443900e-06	-1.56318179e-02	-1.42347466e-02	9.58714435e-02	9.58659947e-02	-3.79057325e-02	-9.43623930e-03	9.79675697e-03	4.10603928e-02
454             	1.91752549e-01	-4.71771080e-02	5.10779215e-02	2.74737673e-06	-1.56990474e-02	-1.41830610e-02	9.58790221e-02	9.58735273e-02	-3.77716150e-02	-9.40549301e-03	9.83991339e-03	4.12380081e-02
455             	1.91766615e-01	-4.70054824e-02	5.12980886e-02	2.77012243e-06	-1.57660911e-02	-1.41292798e-02	9.58860775e-02	9.58805373e-02	-3.76320210e-02	-9.37346141e-03	9.88295325e-03	4.14151354e-02
456             	1.91779665e-01	-4.68273092e-02	5.15177179e-02	2.79265875e-06	-1.58329738e-02	-1.40734927e-02	9.58926250e-02	9.58870397e-02	-3.74871473e-02	-9.34016193e-03	9.92588515e-03	4.15918328e-02
457             	1.91791571e-01	-4.66429331e-02	5.17368415e-02	2.81500804e-06	-1.58997046e-02	-1.40158306e-02	9.58986005e-02	9.58929704e-02	-3.73372971e-02	-9.30563598e-03	9.96871612e-03	4.17681253e-02
458             	1.91802190e-01	-4.64528088e-02	5.19554979e-02	2.83723132e-06	-1.59662943e-02	-1.39564586e-02	9.59039323e-02	9.58982579e-02	-3.71828630e-02	-9.26994583e-03	1.00114546e-02	4.19440433e-02
459             	1.91811465e-01	-4.62575392e-02	5.21737902e-02	2.85935704e-06	-1.60327825e-02	-1.38955812e-02	9.59085917e-02	9.59028730e-02	-3.70243509e-02	-9.23318836e-03	1.00541126e-02	4.21196775e-02
460             	1.91819354e-01	-4.60576737e-02	5.23917843e-02	2.88143832e-06	-1.60991950e-02	-1.38333837e-02	9.59125584e-02	9.59067955e-02	-3.68622206e-02	-9.19545311e-03	1.00966972e-02	4.22950872e-02
461             	1.91825863e-01	-4.58538087e-02	5.26094317e-02	2.90349954e-06	-1.61655105e-02	-1.37700699e-02	9.59158351e-02	9.59100281e-02	-3.66969743e-02	-9.15683445e-03	1.01392053e-02	4.24702264e-02
462             	1.91830970e-01	-4.56465847e-02	5.28266646e-02	2.92557736e-06	-1.62316996e-02	-1.37058610e-02	9.59184105e-02	9.59125594e-02	-3.65291534e-02	-9.11743138e-03	1.01816327e-02	4.26450319e-02
463             	1.91834454e-01	-4.54367710e-02	5.30435316e-02	2.94774053e-06	-1.62977716e-02	-1.36410096e-02	9.59201745e-02	9.59142790e-02	-3.63593951e-02	-9.07737592e-03	1.02239942e-02	4.28195374e-02
