# Force         
# CofR          : (0.00000000e+00 0.00000000e+00 0.00000000e+00)
#
# Time          	(total_x total_y total_z)	(pressure_x pressure_y pressure_z)	(viscous_x viscous_y viscous_z)
1               	(6.48001953e+03 9.48593948e-01 7.03946073e-01)	(6.44129887e+03 9.48508708e-01 7.03869471e-01)	(3.87206604e+01 8.52395552e-05 7.66019894e-05)
2               	(5.88807252e+03 1.13130967e+00 6.24607199e-01)	(5.85284434e+03 1.12955989e+00 6.24396243e-01)	(3.52281835e+01 1.74978082e-03 2.10955768e-04)
3               	(1.54488356e+03 6.77510803e-01 7.57239274e-02)	(1.51323604e+03 6.75206125e-01 7.48893580e-02)	(3.16475164e+01 2.30467705e-03 8.34569456e-04)
4               	(-2.59372396e+03 -2.93450982e-01 -1.42617500e-01)	(-2.62441140e+03 -2.94076567e-01 -1.43997635e-01)	(3.06874326e+01 6.25585465e-04 1.38013442e-03)
5               	(-3.66098849e+03 -7.91598804e-01 -6.08297494e-02)	(-3.69289520e+03 -7.92627745e-01 -6.06597315e-02)	(3.19067038e+01 1.02894082e-03 -1.70017966e-04)
6               	(-1.82594010e+03 -8.06961766e-01 2.78875580e-01)	(-1.85960043e+03 -8.04817761e-01 2.79167979e-01)	(3.36603278e+01 -2.14400499e-03 -2.92399461e-04)
7               	(7.08567930e+02 -5.70419147e-01 4.35637024e-01)	(6.73964545e+02 -5.71085492e-01 4.34171488e-01)	(3.46033849e+01 6.66345509e-04 1.46553645e-03)
8               	(2.01741860e+03 2.82144729e-01 4.61724962e-01)	(1.98309630e+03 2.81446258e-01 4.61234888e-01)	(3.43223085e+01 6.98471005e-04 4.90073968e-04)
9               	(1.59950666e+03 8.71980831e-01 -1.08826848e-01)	(1.56618905e+03 8.68683249e-01 -1.09522572e-01)	(3.33176073e+01 3.29758250e-03 6.95724158e-04)
10              	(3.14820188e+02 9.33302478e-01 -4.27294258e-01)	(2.82724983e+02 9.29053803e-01 -4.28229312e-01)	(3.20952048e+01 4.24867498e-03 9.35053131e-04)
11              	(-6.89160460e+02 1.93671544e-01 -5.13949650e-01)	(-7.20327748e+02 1.96622033e-01 -5.15992196e-01)	(3.11672880e+01 -2.95048944e-03 2.04254632e-03)
12              	(-8.43007332e+02 -4.51555727e-01 -1.29050609e-01)	(-8.73745879e+02 -4.41951812e-01 -1.30118409e-01)	(3.07385469e+01 -9.60391497e-03 1.06779965e-03)
13              	(-3.11175032e+02 -8.04590376e-01 3.37996655e-01)	(-3.41795225e+02 -8.06268199e-01 3.40443771e-01)	(3.06201932e+01 1.67782303e-03 -2.44711603e-03)
14              	(3.12679404e+02 -5.91854315e-01 4.16402478e-01)	(2.82166241e+02 -5.95857966e-01 4.18526770e-01)	(3.05131622e+01 4.00365102e-03 -2.12429167e-03)
15              	(5.75941855e+02 -2.12675426e-01 1.02201581e-01)	(5.45689049e+02 -2.19591369e-01 1.05236933e-01)	(3.02528058e+01 6.91594374e-03 -3.03535223e-03)
16              	(4.26252784e+02 5.61615555e-02 -2.62856637e-01)	(3.96431444e+02 4.79841028e-02 -2.59154625e-01)	(2.98213397e+01 8.17745276e-03 -3.70201215e-03)
17              	(1.06347575e+02 1.20357489e-02 -3.98899729e-01)	(7.70397797e+01 4.89519709e-03 -3.95354374e-01)	(2.93077949e+01 7.14055176e-03 -3.54535483e-03)
18              	(-1.10959726e+02 -1.71946362e-01 -2.86701188e-01)	(-1.39771609e+02 -1.78532259e-01 -2.83370099e-01)	(2.88118834e+01 6.58589622e-03 -3.33108957e-03)
19              	(-1.16236641e+02 -3.58015202e-01 -4.32377896e-02)	(-1.44633268e+02 -3.62880313e-01 -4.00535006e-02)	(2.83966270e+01 4.86511040e-03 -3.18428896e-03)
20              	(1.95901477e+01 -3.96639372e-01 1.46622421e-01)	(-8.46252598e+00 -3.99505449e-01 1.49929575e-01)	(2.80526737e+01 2.86607631e-03 -3.30715458e-03)
21              	(1.55839236e+02 -2.58027381e-01 1.56097404e-01)	(1.28102356e+02 -2.59727481e-01 1.59551832e-01)	(2.77368801e+01 1.70010079e-03 -3.45442774e-03)
22              	(1.99675088e+02 -1.18818390e-01 1.03929013e-02)	(1.72269919e+02 -1.20260393e-01 1.42456061e-02)	(2.74051698e+01 1.44200259e-03 -3.85270472e-03)
23              	(1.52835162e+02 -1.08915812e-01 -1.59822384e-01)	(1.25795350e+02 -1.10461776e-01 -1.55468609e-01)	(2.70398125e+01 1.54596324e-03 -4.35377449e-03)
24              	(7.75059131e+01 -2.07266703e-01 -2.31360265e-01)	(5.08493842e+01 -2.08790556e-01 -2.26667793e-01)	(2.66565290e+01 1.52385299e-03 -4.69247166e-03)
25              	(3.43466858e+01 -3.34161674e-01 -1.70764926e-01)	(8.05530716e+00 -3.35449914e-01 -1.65844560e-01)	(2.62913786e+01 1.28824052e-03 -4.92036571e-03)
26              	(4.06269659e+01 -3.69069361e-01 -4.50802274e-02)	(1.46721127e+01 -3.69708107e-01 -4.01282680e-02)	(2.59548532e+01 6.38745962e-04 -4.95195939e-03)
27              	(7.43319634e+01 -2.86253339e-01 4.41514656e-02)	(4.86877116e+01 -2.85897341e-01 4.89955746e-02)	(2.56442518e+01 -3.55997670e-04 -4.84410895e-03)
28              	(1.02964660e+02 -1.57978194e-01 4.53576352e-02)	(7.76189843e+01 -1.56404992e-01 5.00674818e-02)	(2.53456762e+01 -1.57320259e-03 -4.70984662e-03)
29              	(1.08676507e+02 -9.21266088e-02 -1.50159468e-02)	(8.36302040e+01 -8.91880401e-02 -1.03937506e-02)	(2.50463029e+01 -2.93856872e-03 -4.62219614e-03)
30              	(9.50789423e+01 -1.43766831e-01 -7.74678146e-02)	(7.03360482e+01 -1.39391924e-01 -7.28570877e-02)	(2.47428941e+01 -4.37490743e-03 -4.61072694e-03)
31              	(7.75662468e+01 -2.61798382e-01 -9.28711485e-02)	(5.31245562e+01 -2.55952617e-01 -8.82759879e-02)	(2.44416905e+01 -5.84576548e-03 -4.59516065e-03)
32              	(6.89482931e+01 -3.36577019e-01 -6.00193522e-02)	(4.47968356e+01 -3.29206369e-01 -5.54823011e-02)	(2.41514575e+01 -7.37064937e-03 -4.53705109e-03)
33              	(7.17914348e+01 -3.00320786e-01 -1.37920843e-02)	(4.79156234e+01 -2.91365474e-01 -9.34128558e-03)	(2.38758114e+01 -8.95531185e-03 -4.45079874e-03)
34              	(8.03012894e+01 -1.89377242e-01 1.51320351e-02)	(5.66877258e+01 -1.78873096e-01 1.94693277e-02)	(2.36135636e+01 -1.05041466e-02 -4.33729265e-03)
35              	(8.68247373e+01 -8.01476019e-02 1.01120245e-02)	(6.34642727e+01 -6.82965322e-02 1.43151484e-02)	(2.33604646e+01 -1.18510696e-02 -4.20312396e-03)
36              	(8.76155454e+01 -3.59911831e-02 -1.42123140e-02)	(6.45027350e+01 -2.31585522e-02 -1.01990599e-02)	(2.31128104e+01 -1.28326308e-02 -4.01325411e-03)
37              	(8.38859726e+01 -5.68538644e-02 -3.31091207e-02)	(6.10160907e+01 -4.34457897e-02 -2.93047168e-02)	(2.28698819e+01 -1.34080747e-02 -3.80440390e-03)
38              	(7.93228852e+01 -8.05417133e-02 -3.08510728e-02)	(5.66897483e+01 -6.69628305e-02 -2.72745225e-02)	(2.26331369e+01 -1.35788827e-02 -3.57655026e-03)
39              	(7.68630399e+01 -4.63668962e-02 -1.30435869e-02)	(5.44585955e+01 -3.30077737e-02 -9.69793675e-03)	(2.24044444e+01 -1.33591225e-02 -3.34565020e-03)
40              	(7.71222780e+01 5.36903215e-02 4.35718510e-03)	(5.49379409e+01 6.64642900e-02 7.45820509e-03)	(2.21843371e+01 -1.27739685e-02 -3.10101999e-03)
41              	(7.87959225e+01 1.85504382e-01 1.20159934e-02)	(5.68239123e+01 1.97410845e-01 1.48710860e-02)	(2.19720102e+01 -1.19064635e-02 -2.85509258e-03)
42              	(8.01659840e+01 3.01108895e-01 1.23915548e-02)	(5.84000072e+01 3.11952892e-01 1.50241848e-02)	(2.17659768e+01 -1.08439971e-02 -2.63262998e-03)
43              	(8.03265232e+01 3.72066467e-01 1.29278039e-02)	(5.87615776e+01 3.81780169e-01 1.53730064e-02)	(2.15649456e+01 -9.71370199e-03 -2.44520248e-03)
44              	(7.94638827e+01 4.09320734e-01 1.89198281e-02)	(5.80956765e+01 4.17997784e-01 2.12371507e-02)	(2.13682062e+01 -8.67704971e-03 -2.31732258e-03)
45              	(7.83674012e+01 4.39264635e-01 2.86135366e-02)	(5.71913981e+01 4.47105774e-01 3.08633689e-02)	(2.11760032e+01 -7.84113876e-03 -2.24983236e-03)
46              	(7.77232388e+01 4.80406082e-01 3.85894487e-02)	(5.67345254e+01 4.87683477e-01 4.08369042e-02)	(2.09887134e+01 -7.27739507e-03 -2.24745550e-03)
47              	(7.77233830e+01 5.27545896e-01 4.28520726e-02)	(5.69166690e+01 5.34574349e-01 4.51440068e-02)	(2.08067140e+01 -7.02845328e-03 -2.29193415e-03)
48              	(7.81360836e+01 5.63801075e-01 4.21617651e-02)	(5.75061763e+01 5.70891407e-01 4.45347664e-02)	(2.06299074e+01 -7.09033159e-03 -2.37300127e-03)
49              	(7.86442996e+01 5.76373555e-01 3.97838179e-02)	(5.81862706e+01 5.83840333e-01 4.22708523e-02)	(2.04580289e+01 -7.46677795e-03 -2.48703443e-03)
50              	(7.90713656e+01 5.64653971e-01 3.85203654e-02)	(5.87806072e+01 5.72794365e-01 4.11468823e-02)	(2.02907584e+01 -8.14039414e-03 -2.62651685e-03)
51              	(7.94410557e+01 5.36454482e-01 3.71074514e-02)	(5.93131862e+01 5.45564892e-01 3.99026392e-02)	(2.01278695e+01 -9.11041040e-03 -2.79518775e-03)
52              	(7.98476219e+01 5.00825470e-01 3.44939229e-02)	(5.98782675e+01 5.11184853e-01 3.74721672e-02)	(1.99693544e+01 -1.03593828e-02 -2.97824428e-03)
53              	(8.03577080e+01 4.61827000e-01 3.08049321e-02)	(6.05426286e+01 4.73686123e-01 3.39779706e-02)	(1.98150793e+01 -1.18591229e-02 -3.17303853e-03)
54              	(8.09735192e+01 4.15894083e-01 2.42245502e-02)	(6.13086224e+01 4.29476226e-01 2.76005970e-02)	(1.96648968e+01 -1.35821434e-02 -3.37604683e-03)
55              	(8.16408401e+01 3.58796439e-01 1.43311414e-02)	(6.21222010e+01 3.74297871e-01 1.79176532e-02)	(1.95186391e+01 -1.55014316e-02 -3.58651174e-03)
56              	(8.23068347e+01 2.91734052e-01 3.60121216e-03)	(6.29307744e+01 3.09294715e-01 7.39177295e-03)	(1.93760602e+01 -1.75606630e-02 -3.79056079e-03)
57              	(8.29523181e+01 2.18692648e-01 -7.32546409e-03)	(6.37153835e+01 2.38417422e-01 -3.32986897e-03)	(1.92369346e+01 -1.97247746e-02 -3.99559512e-03)
58              	(8.35751506e+01 1.46174165e-01 -1.69797516e-02)	(6.44740658e+01 1.68123999e-01 -1.27985010e-02)	(1.91010847e+01 -2.19498345e-02 -4.18125058e-03)
59              	(8.41607183e+01 7.64758260e-02 -2.80268576e-02)	(6.51923176e+01 1.00653191e-01 -2.36751279e-02)	(1.89684008e+01 -2.41773654e-02 -4.35172974e-03)
60              	(8.47062401e+01 9.79368381e-03 -4.11330958e-02)	(6.58674488e+01 3.61680955e-02 -3.66190243e-02)	(1.88387913e+01 -2.63744116e-02 -4.51407157e-03)
61              	(8.52511155e+01 -5.26490599e-02 -5.15489394e-02)	(6.65389299e+01 -2.41469689e-02 -4.68837056e-02)	(1.87121856e+01 -2.85020910e-02 -4.66523378e-03)
62              	(8.58227041e+01 -1.08410111e-01 -5.86676852e-02)	(6.72341656e+01 -7.78990041e-02 -5.38689695e-02)	(1.85885385e+01 -3.05111064e-02 -4.79871565e-03)
63              	(8.64102273e+01 -1.57232168e-01 -6.59349481e-02)	(6.79423484e+01 -1.24855773e-01 -6.10260728e-02)	(1.84678788e+01 -3.23763955e-02 -4.90887522e-03)
64              	(8.69879015e+01 -1.95576370e-01 -7.02552175e-02)	(6.86377900e+01 -1.61490012e-01 -6.52556481e-02)	(1.83501115e+01 -3.40863581e-02 -4.99956938e-03)
65              	(8.75688508e+01 -2.21009079e-01 -7.10425418e-02)	(6.93336827e+01 -1.85401879e-01 -6.59908650e-02)	(1.82351681e+01 -3.56071998e-02 -5.05167680e-03)
66              	(8.81675728e+01 -2.35429388e-01 -6.86244930e-02)	(7.00445853e+01 -1.98496639e-01 -6.35547316e-02)	(1.81229875e+01 -3.69327497e-02 -5.06976138e-03)
67              	(8.88007262e+01 -2.39364222e-01 -6.23154128e-02)	(7.07871291e+01 -2.01301466e-01 -5.72454680e-02)	(1.80135970e+01 -3.80627559e-02 -5.06994480e-03)
68              	(8.94630771e+01 -2.36423151e-01 -5.66349801e-02)	(7.15560494e+01 -1.97433611e-01 -5.16058655e-02)	(1.79070278e+01 -3.89895408e-02 -5.02911459e-03)
69              	(9.01440817e+01 -2.26052559e-01 -5.09252735e-02)	(7.23408759e+01 -1.86327504e-01 -4.59681176e-02)	(1.78032058e+01 -3.97250546e-02 -4.95715595e-03)
70              	(9.08555651e+01 -2.06489220e-01 -4.03300229e-02)	(7.31534538e+01 -1.66213376e-01 -3.54690360e-02)	(1.77021113e+01 -4.02758447e-02 -4.86098689e-03)
71              	(9.16044547e+01 -1.79279249e-01 -2.48987871e-02)	(7.40007016e+01 -1.38628426e-01 -2.01566203e-02)	(1.76037531e+01 -4.06508230e-02 -4.74216672e-03)
72              	(9.23763843e+01 -1.47812521e-01 -5.84460467e-03)	(7.48682728e+01 -1.06953284e-01 -1.25009351e-03)	(1.75081115e+01 -4.08592378e-02 -4.59451116e-03)
73              	(9.31651862e+01 -1.14716875e-01 1.20403522e-02)	(7.57500645e+01 -7.38042259e-02 1.64759615e-02)	(1.74151217e+01 -4.09126495e-02 -4.43560932e-03)
74              	(9.39688921e+01 -8.32391647e-02 2.72203605e-02)	(7.66441084e+01 -4.24256229e-02 3.14793151e-02)	(1.73247838e+01 -4.08135418e-02 -4.25895465e-03)
75              	(9.47804285e+01 -5.44809244e-02 3.86574363e-02)	(7.75432595e+01 -1.39042205e-02 4.27171885e-02)	(1.72371690e+01 -4.05767039e-02 -4.05975225e-03)
76              	(9.56067278e+01 -2.66496922e-02 5.09129968e-02)	(7.84544827e+01 1.35570214e-02 5.47564091e-02)	(1.71522452e+01 -4.02067135e-02 -3.84341230e-03)
77              	(9.64132725e+01 1.38805436e-03 6.51036086e-02)	(7.93433522e+01 4.11074864e-02 6.87295927e-02)	(1.70699202e+01 -3.97194321e-02 -3.62598420e-03)
78              	(9.71637887e+01 2.80037398e-02 7.97102478e-02)	(8.01736295e+01 6.71234343e-02 8.31086597e-02)	(1.69901593e+01 -3.91196945e-02 -3.39841192e-03)
79              	(9.78937468e+01 4.45073688e-02 8.70713804e-02)	(8.09808113e+01 8.29261711e-02 9.02447103e-02)	(1.69129355e+01 -3.84188024e-02 -3.17332990e-03)
80              	(9.85904201e+01 5.32681793e-02 9.06513880e-02)	(8.17522193e+01 9.08959069e-02 9.35993888e-02)	(1.68382007e+01 -3.76277276e-02 -2.94800085e-03)
81              	(9.91950021e+01 5.99152534e-02 9.52077587e-02)	(8.24291608e+01 9.66692840e-02 9.79322291e-02)	(1.67658413e+01 -3.67540306e-02 -2.72447038e-03)
82              	(9.97479365e+01 6.37400155e-02 9.83912699e-02)	(8.30522041e+01 9.95440347e-02 1.00895573e-01)	(1.66957323e+01 -3.58040192e-02 -2.50430327e-03)
83              	(1.00243081e+02 6.38359334e-02 1.00770639e-01)	(8.36152225e+01 9.86279651e-02 1.03068279e-01)	(1.66278589e+01 -3.47920317e-02 -2.29764008e-03)
84              	(1.00638669e+02 6.25155687e-02 1.04169905e-01)	(8.40765994e+01 9.62574897e-02 1.06283549e-01)	(1.65620691e+01 -3.37419210e-02 -2.11364415e-03)
85              	(1.00900311e+02 6.03661545e-02 1.08749705e-01)	(8.44021641e+01 9.30298303e-02 1.10706550e-01)	(1.64981471e+01 -3.26636757e-02 -1.95684575e-03)
86              	(1.01056021e+02 5.80216981e-02 1.14403694e-01)	(8.46202243e+01 8.95931862e-02 1.16233968e-01)	(1.64357966e+01 -3.15714882e-02 -1.83027329e-03)
87              	(1.01146686e+02 5.79127164e-02 1.23335425e-01)	(8.47719168e+01 8.83872643e-02 1.25082138e-01)	(1.63747695e+01 -3.04745479e-02 -1.74671349e-03)
88              	(1.01163825e+02 6.33939500e-02 1.37553308e-01)	(8.48489466e+01 9.27885651e-02 1.39263297e-01)	(1.63148783e+01 -2.93946151e-02 -1.70998915e-03)
89              	(1.01030616e+02 7.61247609e-02 1.60246191e-01)	(8.47747380e+01 1.04473516e-01 1.61970641e-01)	(1.62558780e+01 -2.83487552e-02 -1.72444985e-03)
90              	(1.00689996e+02 9.22450923e-02 1.87327964e-01)	(8.44924206e+01 1.19574179e-01 1.89104907e-01)	(1.61975756e+01 -2.73290866e-02 -1.77694317e-03)
91              	(1.00173916e+02 1.06847403e-01 2.11073965e-01)	(8.40340173e+01 1.33186980e-01 2.12934067e-01)	(1.61398990e+01 -2.63395768e-02 -1.86010151e-03)
92              	(9.95702519e+01 1.20975912e-01 2.33945077e-01)	(8.34875307e+01 1.46351714e-01 2.35905402e-01)	(1.60827211e+01 -2.53758022e-02 -1.96032493e-03)
93              	(9.89584943e+01 1.34747014e-01 2.56112564e-01)	(8.29324666e+01 1.59180991e-01 2.58180759e-01)	(1.60260277e+01 -2.44339776e-02 -2.06819537e-03)
94              	(9.83486801e+01 1.51645560e-01 2.80326807e-01)	(8.23788042e+01 1.75154436e-01 2.82496957e-01)	(1.59698759e+01 -2.35088764e-02 -2.17015031e-03)
95              	(9.77323161e+01 1.71406115e-01 3.07500693e-01)	(8.18180176e+01 1.94014440e-01 3.09755253e-01)	(1.59142984e+01 -2.26083255e-02 -2.25456034e-03)
96              	(9.70993210e+01 1.93126866e-01 3.35603420e-01)	(8.12398562e+01 2.14845590e-01 3.37901655e-01)	(1.58594648e+01 -2.17187239e-02 -2.29823465e-03)
97              	(9.64781229e+01 2.12197232e-01 3.60965854e-01)	(8.06725477e+01 2.33045671e-01 3.63287601e-01)	(1.58055752e+01 -2.08484389e-02 -2.32174701e-03)
98              	(9.59190241e+01 2.31373074e-01 3.88305107e-01)	(8.01662472e+01 2.51374855e-01 3.90637949e-01)	(1.57527769e+01 -2.00017811e-02 -2.33284216e-03)
99              	(9.54477634e+01 2.49566983e-01 4.18448684e-01)	(7.97465400e+01 2.68751057e-01 4.20777610e-01)	(1.57012234e+01 -1.91840740e-02 -2.32892641e-03)
100             	(9.50651731e+01 2.65248231e-01 4.45762847e-01)	(7.94141585e+01 2.83639566e-01 4.48072519e-01)	(1.56510146e+01 -1.83913355e-02 -2.30967191e-03)
101             	(9.47270550e+01 2.77679631e-01 4.69951830e-01)	(7.91248241e+01 2.95321099e-01 4.72241877e-01)	(1.56022309e+01 -1.76414683e-02 -2.29004663e-03)
102             	(9.43824935e+01 2.89402661e-01 4.96732108e-01)	(7.88276262e+01 3.06323284e-01 4.98981770e-01)	(1.55548673e+01 -1.69206225e-02 -2.24966255e-03)
103             	(9.40222627e+01 2.98737639e-01 5.22613188e-01)	(7.85133789e+01 3.14971912e-01 5.24815634e-01)	(1.55088838e+01 -1.62342731e-02 -2.20244620e-03)
104             	(9.36746545e+01 3.08391555e-01 5.51876941e-01)	(7.82103781e+01 3.23982074e-01 5.54037151e-01)	(1.54642764e+01 -1.55905192e-02 -2.16021058e-03)
105             	(9.33594528e+01 3.19310127e-01 5.83938539e-01)	(7.79383601e+01 3.34308809e-01 5.86082143e-01)	(1.54210927e+01 -1.49986812e-02 -2.14360404e-03)
106             	(9.30763572e+01 3.32990478e-01 6.17367574e-01)	(7.76969893e+01 3.47443150e-01 6.19507226e-01)	(1.53793680e+01 -1.44526717e-02 -2.13965181e-03)
107             	(9.28048617e+01 3.43554177e-01 6.46748416e-01)	(7.74657114e+01 3.57471840e-01 6.48847626e-01)	(1.53391503e+01 -1.39176636e-02 -2.09921041e-03)
108             	(9.25309091e+01 3.52154514e-01 6.69554859e-01)	(7.72304034e+01 3.65567738e-01 6.71612837e-01)	(1.53005057e+01 -1.34132247e-02 -2.05797812e-03)
109             	(9.22419584e+01 3.61976604e-01 6.96045660e-01)	(7.69784831e+01 3.74920282e-01 6.98034474e-01)	(1.52634753e+01 -1.29436784e-02 -1.98881396e-03)
110             	(9.19316620e+01 3.73426100e-01 7.30501729e-01)	(7.67035920e+01 3.85926612e-01 7.32434416e-01)	(1.52280701e+01 -1.25005121e-02 -1.93268670e-03)
111             	(9.16040323e+01 3.86153381e-01 7.66880126e-01)	(7.64097694e+01 3.98222985e-01 7.68738702e-01)	(1.51942629e+01 -1.20696041e-02 -1.85857556e-03)
112             	(9.12827491e+01 3.99967877e-01 8.00348834e-01)	(7.61207504e+01 4.11620633e-01 8.02102891e-01)	(1.51619987e+01 -1.16527559e-02 -1.75405731e-03)
113             	(9.09899005e+01 4.16764996e-01 8.28891782e-01)	(7.58586573e+01 4.28020163e-01 8.30517016e-01)	(1.51312432e+01 -1.12551672e-02 -1.62523350e-03)
114             	(9.07188231e+01 4.38604393e-01 8.66566991e-01)	(7.56168624e+01 4.49478689e-01 8.68063830e-01)	(1.51019606e+01 -1.08742956e-02 -1.49683888e-03)
115             	(9.04523102e+01 4.66285424e-01 9.11941035e-01)	(7.53781859e+01 4.76800659e-01 9.13306892e-01)	(1.50741243e+01 -1.05152348e-02 -1.36585694e-03)
116             	(9.01859283e+01 4.96804635e-01 9.64565813e-01)	(7.51382106e+01 5.06975074e-01 9.65784552e-01)	(1.50477177e+01 -1.01704399e-02 -1.21873931e-03)
117             	(8.99368326e+01 5.34912397e-01 1.03095151e+00)	(7.49140940e+01 5.44754744e-01 1.03201346e+00)	(1.50227386e+01 -9.84234706e-03 -1.06194969e-03)
118             	(8.97237064e+01 5.80130635e-01 1.10615890e+00)	(7.47244811e+01 5.89663899e-01 1.10706960e+00)	(1.49992253e+01 -9.53326459e-03 -9.10697389e-04)
119             	(8.95245571e+01 6.34401476e-01 1.19922267e+00)	(7.45473525e+01 6.43637507e-01 1.19997247e+00)	(1.49772046e+01 -9.23603092e-03 -7.49806420e-04)
120             	(8.93298781e+01 6.94953591e-01 1.30215881e+00)	(7.43731610e+01 7.03913687e-01 1.30273139e+00)	(1.49567171e+01 -8.96009567e-03 -5.72576705e-04)
121             	(8.91444233e+01 7.59410584e-01 1.41499196e+00)	(7.42066106e+01 7.68093022e-01 1.41537686e+00)	(1.49378126e+01 -8.68243739e-03 -3.84905732e-04)
122             	(8.89875472e+01 8.19060572e-01 1.52787937e+00)	(7.40670046e+01 8.27459657e-01 1.52806996e+00)	(1.49205427e+01 -8.39908535e-03 -1.90592637e-04)
123             	(8.88955235e+01 8.72817724e-01 1.63465578e+00)	(7.39905313e+01 8.80956097e-01 1.63463927e+00)	(1.49049922e+01 -8.13837262e-03 1.65130549e-05)
124             	(8.89049950e+01 9.26481404e-01 1.73533234e+00)	(7.40137615e+01 9.34363857e-01 1.73509327e+00)	(1.48912335e+01 -7.88245334e-03 2.39070228e-04)
125             	(8.90018146e+01 9.84548078e-01 1.83981941e+00)	(7.41225255e+01 9.92172294e-01 1.83935382e+00)	(1.48792891e+01 -7.62421601e-03 4.65586453e-04)
126             	(8.91613653e+01 1.04189495e+00 1.93920706e+00)	(7.42921738e+01 1.04926477e+00 1.93851339e+00)	(1.48691915e+01 -7.36981629e-03 6.93664624e-04)
127             	(8.93622776e+01 1.09921705e+00 2.03659952e+00)	(7.45013040e+01 1.10633366e+00 2.03567803e+00)	(1.48609736e+01 -7.11660665e-03 9.21493448e-04)
128             	(8.95818225e+01 1.15495040e+00 2.13339133e+00)	(7.47271339e+01 1.16182138e+00 2.13224875e+00)	(1.48546886e+01 -6.87097796e-03 1.14258387e-03)
129             	(8.98162947e+01 1.20831822e+00 2.22778370e+00)	(7.49659232e+01 1.21494947e+00 2.22642900e+00)	(1.48503715e+01 -6.63124932e-03 1.35469905e-03)
130             	(9.00691961e+01 1.26065152e+00 2.32371327e+00)	(7.52211769e+01 1.26704990e+00 2.32215951e+00)	(1.48480191e+01 -6.39838710e-03 1.55376073e-03)
131             	(9.03443433e+01 1.31111453e+00 2.41546604e+00)	(7.54967387e+01 1.31728464e+00 2.41372184e+00)	(1.48476046e+01 -6.17010111e-03 1.74420098e-03)
132             	(9.06426577e+01 1.35960219e+00 2.50377719e+00)	(7.57935605e+01 1.36555012e+00 2.50184996e+00)	(1.48490972e+01 -5.94793177e-03 1.92723001e-03)
133             	(9.09504557e+01 1.40889862e+00 2.59484127e+00)	(7.60979859e+01 1.41461737e+00 2.59273128e+00)	(1.48524698e+01 -5.71875883e-03 2.10998594e-03)
134             	(9.12552858e+01 1.46234828e+00 2.69120352e+00)	(7.63975971e+01 1.46784178e+00 2.68889875e+00)	(1.48576887e+01 -5.49349657e-03 2.30476793e-03)
135             	(9.15574369e+01 1.51967678e+00 2.79537938e+00)	(7.66927524e+01 1.52494975e+00 2.79288646e+00)	(1.48646845e+01 -5.27296917e-03 2.49292432e-03)
136             	(9.18656875e+01 1.58088837e+00 2.90790371e+00)	(7.69923110e+01 1.58594296e+00 2.90523717e+00)	(1.48733765e+01 -5.05459436e-03 2.66654232e-03)
137             	(9.21945837e+01 1.64364755e+00 3.02305472e+00)	(7.73108870e+01 1.64848723e+00 3.02023072e+00)	(1.48836967e+01 -4.83968019e-03 2.82399915e-03)
138             	(9.25533973e+01 1.70659404e+00 3.13695007e+00)	(7.76578187e+01 1.71121834e+00 3.13397349e+00)	(1.48955786e+01 -4.62430785e-03 2.97657568e-03)
139             	(9.29434468e+01 1.76863032e+00 3.25148886e+00)	(7.80345092e+01 1.77303613e+00 3.24836834e+00)	(1.49089376e+01 -4.40580558e-03 3.12051665e-03)
140             	(9.33554164e+01 1.83076622e+00 3.36995681e+00)	(7.84317210e+01 1.83495661e+00 3.36670037e+00)	(1.49236954e+01 -4.19038888e-03 3.25643460e-03)
141             	(9.37701894e+01 1.89570808e+00 3.49448511e+00)	(7.88304237e+01 1.89968295e+00 3.49110266e+00)	(1.49397658e+01 -3.97487268e-03 3.38245697e-03)
142             	(9.41729360e+01 1.96576216e+00 3.62741401e+00)	(7.92158858e+01 1.96953210e+00 3.62391118e+00)	(1.49570502e+01 -3.76993409e-03 3.50283295e-03)
143             	(9.45550205e+01 2.04091557e+00 3.76844461e+00)	(7.95795800e+01 2.04448441e+00 3.76482853e+00)	(1.49754404e+01 -3.56883178e-03 3.61607560e-03)
144             	(9.49123061e+01 2.11853468e+00 3.91563054e+00)	(7.99174826e+01 2.12190530e+00 3.91189931e+00)	(1.49948235e+01 -3.37062165e-03 3.73122722e-03)
145             	(9.52409124e+01 2.19755237e+00 4.06732316e+00)	(8.02258272e+01 2.20073300e+00 4.06348606e+00)	(1.50150852e+01 -3.18062564e-03 3.83710267e-03)
146             	(9.55329866e+01 2.27761394e+00 4.22181212e+00)	(8.04968702e+01 2.28061435e+00 4.21788412e+00)	(1.50361164e+01 -3.00041479e-03 3.92799395e-03)
147             	(9.57782486e+01 2.35940479e+00 4.37854718e+00)	(8.07204118e+01 2.36223525e+00 4.37453873e+00)	(1.50578368e+01 -2.83045296e-03 4.00844973e-03)
148             	(9.59649534e+01 2.44381983e+00 4.53916364e+00)	(8.08848077e+01 2.44648604e+00 4.53508784e+00)	(1.50801457e+01 -2.66620825e-03 4.07580054e-03)
149             	(9.60821016e+01 2.53179854e+00 4.70669515e+00)	(8.09791555e+01 2.53430760e+00 4.70256005e+00)	(1.51029461e+01 -2.50906826e-03 4.13510329e-03)
150             	(9.61190381e+01 2.62363737e+00 4.88357071e+00)	(8.09929028e+01 2.62599585e+00 4.87938148e+00)	(1.51261353e+01 -2.35847856e-03 4.18922780e-03)
151             	(9.60674039e+01 2.71849725e+00 5.07058489e+00)	(8.09177815e+01 2.72071422e+00 5.06634934e+00)	(1.51496223e+01 -2.21696507e-03 4.23554512e-03)
152             	(9.59233346e+01 2.81601872e+00 5.26599998e+00)	(8.07500309e+01 2.81810478e+00 5.26171903e+00)	(1.51733037e+01 -2.08605868e-03 4.28094999e-03)
153             	(9.56859111e+01 2.91620877e+00 5.46727091e+00)	(8.04888288e+01 2.91817147e+00 5.46294056e+00)	(1.51970823e+01 -1.96269405e-03 4.33035114e-03)
154             	(9.53576956e+01 3.01976773e+00 5.67401723e+00)	(8.01368167e+01 3.02161753e+00 5.66962901e+00)	(1.52208789e+01 -1.84980447e-03 4.38821714e-03)
155             	(9.49435666e+01 3.12664597e+00 5.88864441e+00)	(7.96989516e+01 3.12838982e+00 5.88419428e+00)	(1.52446150e+01 -1.74384625e-03 4.45013287e-03)
156             	(9.44470665e+01 3.23811175e+00 6.11431311e+00)	(7.91788399e+01 3.23975637e+00 6.10979093e+00)	(1.52682266e+01 -1.64461433e-03 4.52217605e-03)
157             	(9.38718150e+01 3.35514472e+00 6.35295071e+00)	(7.85801588e+01 3.35669513e+00 6.34834742e+00)	(1.52916562e+01 -1.55040605e-03 4.60329841e-03)
158             	(9.32248440e+01 3.47867657e+00 6.60350286e+00)	(7.79099897e+01 3.48013184e+00 6.59880709e+00)	(1.53148543e+01 -1.45527430e-03 4.69576566e-03)
159             	(9.25160051e+01 3.60797118e+00 6.86520525e+00)	(7.71782159e+01 3.60932949e+00 6.86039995e+00)	(1.53377892e+01 -1.35831370e-03 4.80529603e-03)
160             	(9.17560980e+01 3.74257075e+00 7.13843953e+00)	(7.63956547e+01 3.74383305e+00 7.13350789e+00)	(1.53604433e+01 -1.26230012e-03 4.93164266e-03)
161             	(9.09577792e+01 3.88274279e+00 7.42469806e+00)	(7.55749731e+01 3.88391268e+00 7.41962361e+00)	(1.53828061e+01 -1.16989453e-03 5.07445121e-03)
162             	(9.01334900e+01 4.02933938e+00 7.72617897e+00)	(7.47286154e+01 4.03042236e+00 7.72094532e+00)	(1.54048746e+01 -1.08298449e-03 5.23365447e-03)
163             	(8.92982322e+01 4.18228964e+00 8.04367095e+00)	(7.38715779e+01 4.18329192e+00 8.03826035e+00)	(1.54266543e+01 -1.00227301e-03 5.41059970e-03)
164             	(8.84659302e+01 4.34190763e+00 8.37636410e+00)	(7.30177763e+01 4.34283096e+00 8.37075544e+00)	(1.54481539e+01 -9.23329286e-04 5.60865537e-03)
165             	(8.76467514e+01 4.51039767e+00 8.72335184e+00)	(7.21773598e+01 4.51124070e+00 8.71751911e+00)	(1.54693915e+01 -8.43037877e-04 5.83272185e-03)
166             	(8.68502715e+01 4.68765187e+00 9.08480521e+00)	(7.13598847e+01 4.68841002e+00 9.07872129e+00)	(1.54903868e+01 -7.58152706e-04 6.08391956e-03)
167             	(8.60911049e+01 4.87129170e+00 9.46120680e+00)	(7.05799479e+01 4.87196116e+00 9.45484586e+00)	(1.55111570e+01 -6.69454045e-04 6.36094134e-03)
168             	(8.53832372e+01 5.06053622e+00 9.85161819e+00)	(6.98515143e+01 5.06111401e+00 9.84495239e+00)	(1.55317229e+01 -5.77783667e-04 6.66579967e-03)
169             	(8.47379421e+01 5.25662126e+00 1.02542867e+01)	(6.91858365e+01 5.25710531e+00 1.02472906e+01)	(1.55521056e+01 -4.84045756e-04 6.99616622e-03)
170             	(8.41636176e+01 5.46081755e+00 1.06681796e+01)	(6.85912861e+01 5.46120560e+00 1.06608280e+01)	(1.55723315e+01 -3.88045624e-04 7.35161142e-03)
171             	(8.36649679e+01 5.67269089e+00 1.10935682e+01)	(6.80725414e+01 5.67298005e+00 1.10858373e+01)	(1.55924265e+01 -2.89166840e-04 7.73089445e-03)
172             	(8.32440785e+01 5.89153555e+00 1.15330856e+01)	(6.76316686e+01 5.89172197e+00 1.15249518e+01)	(1.56124099e+01 -1.86419330e-04 8.13387634e-03)
173             	(8.29017415e+01 6.11742571e+00 1.19882622e+01)	(6.72694413e+01 6.11750335e+00 1.19797009e+01)	(1.56323002e+01 -7.76432647e-05 8.56130061e-03)
174             	(8.26376095e+01 6.35023814e+00 1.24600335e+01)	(6.69854886e+01 6.35019746e+00 1.24510226e+01)	(1.56521209e+01 4.06839972e-05 9.01089317e-03)
175             	(8.24494497e+01 6.58984346e+00 1.29482150e+01)	(6.67775596e+01 6.58967244e+00 1.29387282e+01)	(1.56718901e+01 1.71018797e-04 9.48682283e-03)
176             	(8.23322401e+01 6.83674367e+00 1.34513473e+01)	(6.66406240e+01 6.83642843e+00 1.34413595e+01)	(1.56916161e+01 3.15242264e-04 9.98777339e-03)
177             	(8.22781722e+01 7.09077069e+00 1.39676869e+01)	(6.65668566e+01 7.09029340e+00 1.39571735e+01)	(1.57113156e+01 4.77293518e-04 1.05134452e-02)
178             	(8.22760417e+01 7.35146220e+00 1.44953490e+01)	(6.65450466e+01 7.35080337e+00 1.44842772e+01)	(1.57309951e+01 6.58825393e-04 1.10718651e-02)
179             	(8.23133646e+01 7.61945900e+00 1.50335618e+01)	(6.65627151e+01 7.61859985e+00 1.50219002e+01)	(1.57506494e+01 8.59142071e-04 1.16616386e-02)
180             	(8.23790204e+01 7.89573225e+00 1.55828397e+01)	(6.66087484e+01 7.89464819e+00 1.55705600e+01)	(1.57702721e+01 1.08405710e-03 1.22796705e-02)
181             	(8.24618000e+01 8.18119702e+00 1.61456273e+01)	(6.66719475e+01 8.17986547e+00 1.61326956e+01)	(1.57898524e+01 1.33155474e-03 1.29317924e-02)
182             	(8.25535686e+01 8.47680050e+00 1.67236120e+01)	(6.67441955e+01 8.47519787e+00 1.67099899e+01)	(1.58093731e+01 1.60263449e-03 1.36221019e-02)
183             	(8.26476678e+01 8.78325534e+00 1.73174284e+01)	(6.68188509e+01 8.78135504e+00 1.73030743e+01)	(1.58288169e+01 1.90030264e-03 1.43540282e-02)
184             	(8.27385475e+01 9.10032576e+00 1.79266013e+01)	(6.68903739e+01 9.09809991e+00 1.79114721e+01)	(1.58481736e+01 2.22584809e-03 1.51291319e-02)
185             	(8.28208769e+01 9.42726341e+00 1.85502302e+01)	(6.69534520e+01 9.42468383e+00 1.85342802e+01)	(1.58674249e+01 2.57957467e-03 1.59500017e-02)
186             	(8.28883586e+01 9.76371733e+00 1.91876661e+01)	(6.70018037e+01 9.76075390e+00 1.91708463e+01)	(1.58865549e+01 2.96342938e-03 1.68198582e-02)
187             	(8.29355951e+01 1.01089389e+01 1.98392790e+01)	(6.70300487e+01 1.01055619e+01 1.98215350e+01)	(1.59055465e+01 3.37706833e-03 1.77439379e-02)
188             	(8.29589119e+01 1.04630388e+01 2.05059759e+01)	(6.70345283e+01 1.04592185e+01 2.04872514e+01)	(1.59243836e+01 3.82024019e-03 1.87244651e-02)
189             	(8.29558001e+01 1.08263045e+01 2.11887741e+01)	(6.70127522e+01 1.08220080e+01 2.11690168e+01)	(1.59430479e+01 4.29645468e-03 1.97572853e-02)
190             	(8.29257829e+01 1.11995698e+01 2.18879881e+01)	(6.69642571e+01 1.11947649e+01 2.18671465e+01)	(1.59615258e+01 4.80493241e-03 2.08415642e-02)
191             	(8.28709436e+01 1.15820232e+01 2.26019577e+01)	(6.68911368e+01 1.15766797e+01 2.25799736e+01)	(1.59798068e+01 5.34350309e-03 2.19840496e-02)
192             	(8.27937333e+01 1.19724202e+01 2.33291166e+01)	(6.67958483e+01 1.19665097e+01 2.33059376e+01)	(1.59978850e+01 5.91050314e-03 2.31789694e-02)
193             	(8.26973608e+01 1.23701464e+01 2.40690099e+01)	(6.66816072e+01 1.23636439e+01 2.40445878e+01)	(1.60157536e+01 6.50247588e-03 2.44221013e-02)
194             	(8.25843193e+01 1.27747324e+01 2.48213433e+01)	(6.65509111e+01 1.27676135e+01 2.47956328e+01)	(1.60334082e+01 7.11890057e-03 2.57104776e-02)
195             	(8.24569551e+01 1.31857364e+01 2.55864434e+01)	(6.64061035e+01 1.31779750e+01 2.55593992e+01)	(1.60508516e+01 7.76139339e-03 2.70442079e-02)
196             	(8.23178796e+01 1.36028042e+01 2.63636675e+01)	(6.62497916e+01 1.35943765e+01 2.63352436e+01)	(1.60680880e+01 8.42774024e-03 2.84239137e-02)
197             	(8.21699791e+01 1.40255245e+01 2.71522181e+01)	(6.60848628e+01 1.40164082e+01 2.71223731e+01)	(1.60851163e+01 9.11637084e-03 2.98450445e-02)
198             	(8.20173838e+01 1.44525978e+01 2.79496956e+01)	(6.59154439e+01 1.44427748e+01 2.79183918e+01)	(1.61019399e+01 9.82307250e-03 3.13038360e-02)
199             	(8.18636176e+01 1.48828937e+01 2.87548268e+01)	(6.57450556e+01 1.48723488e+01 2.87220289e+01)	(1.61185620e+01 1.05448960e-02 3.27979054e-02)
200             	(8.17120444e+01 1.53156685e+01 2.95667213e+01)	(6.55770563e+01 1.53043842e+01 2.95323946e+01)	(1.61349881e+01 1.12842886e-02 3.43266699e-02)
201             	(8.15657793e+01 1.57506178e+01 3.03847535e+01)	(6.54145545e+01 1.57385788e+01 3.03488675e+01)	(1.61512248e+01 1.20390292e-02 3.58859826e-02)
202             	(8.14275920e+01 1.61872589e+01 3.12077699e+01)	(6.52603097e+01 1.61744538e+01 3.11702992e+01)	(1.61672823e+01 1.28050925e-02 3.74707092e-02)
203             	(8.12994659e+01 1.66243242e+01 3.20345476e+01)	(6.51162997e+01 1.66107412e+01 3.19954710e+01)	(1.61831663e+01 1.35829583e-02 3.90765745e-02)
204             	(8.11830253e+01 1.70604241e+01 3.28629318e+01)	(6.49841382e+01 1.70460552e+01 3.28222316e+01)	(1.61988871e+01 1.43688386e-02 4.07002376e-02)
205             	(8.10790330e+01 1.74941929e+01 3.36907208e+01)	(6.48645846e+01 1.74790321e+01 3.36483827e+01)	(1.62144485e+01 1.51608514e-02 4.23380741e-02)
206             	(8.09871747e+01 1.79251665e+01 3.45162256e+01)	(6.47573200e+01 1.79092093e+01 3.44722391e+01)	(1.62298547e+01 1.59572430e-02 4.39865397e-02)
207             	(8.09073007e+01 1.83527891e+01 3.53387228e+01)	(6.46621892e+01 1.83360327e+01 3.52930805e+01)	(1.62451116e+01 1.67564115e-02 4.56422447e-02)
208             	(8.08403307e+01 1.87762471e+01 3.61571760e+01)	(6.45801082e+01 1.87586891e+01 3.61098717e+01)	(1.62602225e+01 1.75579642e-02 4.73042974e-02)
209             	(8.07874325e+01 1.91941078e+01 3.69693721e+01)	(6.45122452e+01 1.91757485e+01 3.69204040e+01)	(1.62751874e+01 1.83592501e-02 4.89681181e-02)
210             	(8.07486166e+01 1.96053937e+01 3.77736126e+01)	(6.44586049e+01 1.95862341e+01 3.77229829e+01)	(1.62900117e+01 1.91596004e-02 5.06296957e-02)
211             	(8.07232981e+01 2.00098756e+01 3.85673926e+01)	(6.44185967e+01 1.99899186e+01 3.85151099e+01)	(1.63047014e+01 1.99569908e-02 5.22826850e-02)
212             	(8.07096541e+01 2.04071000e+01 3.93495876e+01)	(6.43903942e+01 2.03863526e+01 3.92956660e+01)	(1.63192599e+01 2.07473328e-02 5.39215984e-02)
213             	(8.07071046e+01 2.07960111e+01 4.01186143e+01)	(6.43734145e+01 2.07744830e+01 4.00630710e+01)	(1.63336902e+01 2.15280860e-02 5.55433443e-02)
214             	(8.07157474e+01 2.11760708e+01 4.08725283e+01)	(6.43677504e+01 2.11537713e+01 4.08153826e+01)	(1.63479970e+01 2.22995299e-02 5.71457062e-02)
215             	(8.07365484e+01 2.15470573e+01 4.16095855e+01)	(6.43743582e+01 2.15239937e+01 4.15508539e+01)	(1.63621902e+01 2.30635809e-02 5.87315387e-02)
216             	(8.07725901e+01 2.19081884e+01 4.23263705e+01)	(6.43963159e+01 2.18843699e+01 4.22660789e+01)	(1.63762741e+01 2.38185952e-02 6.02916743e-02)
217             	(8.08226073e+01 2.22587783e+01 4.30208534e+01)	(6.44323529e+01 2.22342162e+01 4.29590306e+01)	(1.63902544e+01 2.45621388e-02 6.18227896e-02)
218             	(8.08827111e+01 2.25982811e+01 4.36926805e+01)	(6.44785761e+01 2.25729863e+01 4.36293648e+01)	(1.64041350e+01 2.52947168e-02 6.33156340e-02)
219             	(8.09493464e+01 2.29266216e+01 4.43421362e+01)	(6.45314293e+01 2.29006100e+01 4.42773711e+01)	(1.64179171e+01 2.60115922e-02 6.47650911e-02)
220             	(8.10216401e+01 2.32429194e+01 4.49680018e+01)	(6.45900372e+01 2.32162078e+01 4.49018362e+01)	(1.64316029e+01 2.67115697e-02 6.61655453e-02)
221             	(8.11011446e+01 2.35462414e+01 4.55680061e+01)	(6.46559462e+01 2.35188422e+01 4.55004910e+01)	(1.64451984e+01 2.73991907e-02 6.75151015e-02)
222             	(8.11882704e+01 2.38362737e+01 4.61394022e+01)	(6.47295590e+01 2.38082066e+01 4.60705956e+01)	(1.64587114e+01 2.80671249e-02 6.88066228e-02)
223             	(8.12828510e+01 2.41125555e+01 4.66804761e+01)	(6.48107129e+01 2.40838436e+01 4.66104415e+01)	(1.64721381e+01 2.87119275e-02 7.00346195e-02)
224             	(8.13837087e+01 2.43748945e+01 4.71894922e+01)	(6.48982298e+01 2.43455636e+01 4.71182956e+01)	(1.64854788e+01 2.93308982e-02 7.11966517e-02)
225             	(8.14898753e+01 2.46230287e+01 4.76649750e+01)	(6.49911405e+01 2.45931098e+01 4.75926881e+01)	(1.64987348e+01 2.99188796e-02 7.22869586e-02)
226             	(8.16006216e+01 2.48564990e+01 4.81060623e+01)	(6.50887099e+01 2.48260198e+01 4.80327585e+01)	(1.65119117e+01 3.04791995e-02 7.33037655e-02)
227             	(8.17161190e+01 2.50745330e+01 4.85109963e+01)	(6.51911146e+01 2.50435275e+01 4.84367519e+01)	(1.65250044e+01 3.10055292e-02 7.42444313e-02)
228             	(8.18380910e+01 2.52757923e+01 4.88776228e+01)	(6.53000757e+01 2.52442976e+01 4.88025147e+01)	(1.65380154e+01 3.14947043e-02 7.51081707e-02)
229             	(8.19668746e+01 2.54591329e+01 4.92032371e+01)	(6.54159277e+01 2.54271866e+01 4.91273447e+01)	(1.65509469e+01 3.19462909e-02 7.58924125e-02)
230             	(8.21007553e+01 2.56239996e+01 4.94867907e+01)	(6.55369528e+01 2.55916355e+01 4.94101953e+01)	(1.65638025e+01 3.23640690e-02 7.65954188e-02)
231             	(8.22360922e+01 2.57704324e+01 4.97280596e+01)	(6.56595096e+01 2.57376889e+01 4.96508498e+01)	(1.65765827e+01 3.27435370e-02 7.72098038e-02)
232             	(8.23703049e+01 2.58988530e+01 4.99277849e+01)	(6.57810230e+01 2.58657718e+01 4.98500531e+01)	(1.65892819e+01 3.30812326e-02 7.77317799e-02)
233             	(8.25010826e+01 2.60094363e+01 5.00870915e+01)	(6.58991894e+01 2.59760615e+01 5.00089304e+01)	(1.66018932e+01 3.33747416e-02 7.81610415e-02)
234             	(8.26293790e+01 2.61019869e+01 5.02055994e+01)	(6.60149717e+01 2.60683643e+01 5.01271013e+01)	(1.66144072e+01 3.36225856e-02 7.84981633e-02)
235             	(8.27577770e+01 2.61753142e+01 5.02811263e+01)	(6.61309562e+01 2.61414870e+01 5.02023801e+01)	(1.66268208e+01 3.38271525e-02 7.87461642e-02)
236             	(8.28875197e+01 2.62282256e+01 5.03125612e+01)	(6.62483947e+01 2.61942339e+01 5.02336541e+01)	(1.66391251e+01 3.39917311e-02 7.89070647e-02)
237             	(8.30177262e+01 2.62607862e+01 5.03010312e+01)	(6.63664129e+01 2.62266732e+01 5.02220532e+01)	(1.66513132e+01 3.41129884e-02 7.89779447e-02)
238             	(8.31446256e+01 2.62739187e+01 5.02475022e+01)	(6.64812514e+01 2.62397251e+01 5.01685390e+01)	(1.66633742e+01 3.41936429e-02 7.89632880e-02)
239             	(8.32656628e+01 2.62674484e+01 5.01540711e+01)	(6.65903602e+01 2.62332098e+01 5.00752001e+01)	(1.66753026e+01 3.42386114e-02 7.88710286e-02)
240             	(8.33805824e+01 2.62419479e+01 5.00217042e+01)	(6.66934975e+01 2.62076980e+01 4.99429988e+01)	(1.66870848e+01 3.42499125e-02 7.87053697e-02)
241             	(8.34893047e+01 2.61980058e+01 4.98526588e+01)	(6.67905932e+01 2.61637755e+01 4.97741855e+01)	(1.66987115e+01 3.42302940e-02 7.84733052e-02)
242             	(8.35920023e+01 2.61357229e+01 4.96484979e+01)	(6.68818346e+01 2.61015407e+01 4.95703271e+01)	(1.67101676e+01 3.41821611e-02 7.81708214e-02)
243             	(8.36889903e+01 2.60557001e+01 4.94112732e+01)	(6.69675460e+01 2.60215921e+01 4.93334764e+01)	(1.67214443e+01 3.41080797e-02 7.77968159e-02)
244             	(8.37817710e+01 2.59590684e+01 4.91436687e+01)	(6.70492414e+01 2.59250617e+01 4.90663081e+01)	(1.67325295e+01 3.40066565e-02 7.73605929e-02)
245             	(8.38695347e+01 2.58474741e+01 4.88476931e+01)	(6.71261188e+01 2.58135964e+01 4.87708231e+01)	(1.67434159e+01 3.38777614e-02 7.68699954e-02)
246             	(8.39516988e+01 2.57217792e+01 4.85260926e+01)	(6.71976079e+01 2.56880575e+01 4.84497584e+01)	(1.67540910e+01 3.37216446e-02 7.63342146e-02)
247             	(8.40278120e+01 2.55832514e+01 4.81820847e+01)	(6.72632709e+01 2.55497095e+01 4.81063264e+01)	(1.67645411e+01 3.35419498e-02 7.57583568e-02)
248             	(8.40974201e+01 2.54328154e+01 4.78180569e+01)	(6.73226638e+01 2.53994727e+01 4.77429040e+01)	(1.67747563e+01 3.33426863e-02 7.51529295e-02)
249             	(8.41606154e+01 2.52711768e+01 4.74357350e+01)	(6.73758841e+01 2.52380527e+01 4.73612064e+01)	(1.67847314e+01 3.31240306e-02 7.45286816e-02)
250             	(8.42177533e+01 2.50991706e+01 4.70366176e+01)	(6.74232981e+01 2.50662813e+01 4.69627299e+01)	(1.67944553e+01 3.28893511e-02 7.38876679e-02)
251             	(8.42699433e+01 2.49177593e+01 4.66222851e+01)	(6.74660209e+01 2.48851169e+01 4.65490552e+01)	(1.68039224e+01 3.26424396e-02 7.32299702e-02)
252             	(8.43178272e+01 2.47277829e+01 4.61946930e+01)	(6.75047011e+01 2.46954002e+01 4.61221360e+01)	(1.68131261e+01 3.23826912e-02 7.25569179e-02)
253             	(8.43612135e+01 2.45301243e+01 4.57558022e+01)	(6.75391562e+01 2.44980146e+01 4.56839341e+01)	(1.68220572e+01 3.21096981e-02 7.18680433e-02)
254             	(8.43996457e+01 2.43257763e+01 4.53077543e+01)	(6.75689290e+01 2.42939495e+01 4.52365874e+01)	(1.68307167e+01 3.18267876e-02 7.11669246e-02)
255             	(8.44327677e+01 2.41157138e+01 4.48517848e+01)	(6.75936655e+01 2.40841792e+01 4.47813287e+01)	(1.68391023e+01 3.15345756e-02 7.04560376e-02)
256             	(8.44607636e+01 2.39007216e+01 4.43891723e+01)	(6.76135536e+01 2.38694853e+01 4.43194355e+01)	(1.68472100e+01 3.12362843e-02 6.97367794e-02)
257             	(8.44833335e+01 2.36817657e+01 4.39210388e+01)	(6.76282956e+01 2.36508331e+01 4.38520307e+01)	(1.68550379e+01 3.09326270e-02 6.90080604e-02)
258             	(8.45000442e+01 2.34600693e+01 4.34486378e+01)	(6.76374563e+01 2.34294469e+01 4.33803693e+01)	(1.68625879e+01 3.06224002e-02 6.82685580e-02)
259             	(8.45123140e+01 2.32360548e+01 4.29737348e+01)	(6.76424545e+01 2.32057512e+01 4.29062192e+01)	(1.68698595e+01 3.03036088e-02 6.75155378e-02)
260             	(8.45205258e+01 2.30107514e+01 4.24979509e+01)	(6.76436671e+01 2.29807698e+01 4.24312018e+01)	(1.68768587e+01 2.99816285e-02 6.67490818e-02)
261             	(8.45249819e+01 2.27849082e+01 4.20222569e+01)	(6.76413922e+01 2.27552485e+01 4.19562892e+01)	(1.68835897e+01 2.96597598e-02 6.59676816e-02)
262             	(8.45250637e+01 2.25592840e+01 4.15474453e+01)	(6.76350080e+01 2.25299461e+01 4.14822749e+01)	(1.68900557e+01 2.93379028e-02 6.51704826e-02)
263             	(8.45208853e+01 2.23348558e+01 4.10748245e+01)	(6.76246252e+01 2.23058367e+01 4.10104671e+01)	(1.68962601e+01 2.90191356e-02 6.43573572e-02)
264             	(8.45121031e+01 2.21126382e+01 4.06054239e+01)	(6.76098955e+01 2.20839348e+01 4.05418938e+01)	(1.69022076e+01 2.87034419e-02 6.35301141e-02)
265             	(8.44991416e+01 2.18937411e+01 4.01404751e+01)	(6.75912396e+01 2.18653486e+01 4.00777869e+01)	(1.69079020e+01 2.83925749e-02 6.26882027e-02)
266             	(8.44836803e+01 2.16789796e+01 3.96809180e+01)	(6.75703335e+01 2.16508909e+01 3.96190872e+01)	(1.69133467e+01 2.80887351e-02 6.18308843e-02)
267             	(8.44668546e+01 2.14679098e+01 3.92269176e+01)	(6.75483073e+01 2.14401153e+01 3.91659584e+01)	(1.69185473e+01 2.77944389e-02 6.09591311e-02)
268             	(8.44487343e+01 2.12601532e+01 3.87781832e+01)	(6.75252229e+01 2.12326417e+01 3.87181054e+01)	(1.69235114e+01 2.75114876e-02 6.00777777e-02)
269             	(8.44290730e+01 2.10557019e+01 3.83351367e+01)	(6.75008253e+01 2.10284601e+01 3.82759423e+01)	(1.69282476e+01 2.72417124e-02 5.91944075e-02)
270             	(8.44075316e+01 2.08551596e+01 3.78980603e+01)	(6.74747670e+01 2.08281756e+01 3.78397473e+01)	(1.69327646e+01 2.69840040e-02 5.83129821e-02)
271             	(8.43841832e+01 2.06590671e+01 3.74675793e+01)	(6.74471109e+01 2.06323296e+01 3.74101407e+01)	(1.69370723e+01 2.67374798e-02 5.74386704e-02)
272             	(8.43592954e+01 2.04674636e+01 3.70440191e+01)	(6.74181190e+01 2.04409616e+01 3.69874444e+01)	(1.69411764e+01 2.65019806e-02 5.65747658e-02)
273             	(8.43329153e+01 2.02804055e+01 3.66273462e+01)	(6.73878327e+01 2.02541302e+01 3.65716236e+01)	(1.69450826e+01 2.62753100e-02 5.57226059e-02)
274             	(8.43049530e+01 2.00975765e+01 3.62171642e+01)	(6.73561550e+01 2.00715206e+01 3.61622811e+01)	(1.69487980e+01 2.60559819e-02 5.48830615e-02)
275             	(8.42758095e+01 1.99185483e+01 3.58131365e+01)	(6.73234784e+01 1.98927061e+01 3.57590802e+01)	(1.69523310e+01 2.58421320e-02 5.40563247e-02)
276             	(8.42454144e+01 1.97431838e+01 3.54149841e+01)	(6.72897262e+01 1.97175501e+01 3.53617387e+01)	(1.69556882e+01 2.56336857e-02 5.32453368e-02)
277             	(8.42130105e+01 1.95712384e+01 3.50229846e+01)	(6.72541345e+01 1.95458068e+01 3.49705323e+01)	(1.69588759e+01 2.54315508e-02 5.24522823e-02)
278             	(8.41783726e+01 1.94024702e+01 3.46376736e+01)	(6.72164704e+01 1.93772345e+01 3.45859948e+01)	(1.69619022e+01 2.52356850e-02 5.16788009e-02)
279             	(8.41407880e+01 1.92364519e+01 3.42587875e+01)	(6.71760140e+01 1.92114067e+01 3.42078585e+01)	(1.69647741e+01 2.50452317e-02 5.09290368e-02)
280             	(8.41008193e+01 1.90727158e+01 3.38866364e+01)	(6.71333202e+01 1.90478563e+01 3.38364302e+01)	(1.69674990e+01 2.48594721e-02 5.02062605e-02)
281             	(8.40591234e+01 1.89110978e+01 3.35217687e+01)	(6.70890413e+01 1.88864176e+01 3.34722583e+01)	(1.69700820e+01 2.46802389e-02 4.95103597e-02)
282             	(8.40154603e+01 1.87515882e+01 3.31650943e+01)	(6.70429314e+01 1.87270828e+01 3.31162515e+01)	(1.69725289e+01 2.45054095e-02 4.88428743e-02)
283             	(8.39695365e+01 1.85944964e+01 3.28172741e+01)	(6.69946928e+01 1.85701622e+01 3.27690679e+01)	(1.69748438e+01 2.43341525e-02 4.82061872e-02)
284             	(8.39212079e+01 1.84401884e+01 3.24788093e+01)	(6.69441760e+01 1.84160214e+01 3.24312062e+01)	(1.69770319e+01 2.41669344e-02 4.76030412e-02)
285             	(8.38701517e+01 1.82885889e+01 3.21501017e+01)	(6.68910516e+01 1.82645855e+01 3.21030686e+01)	(1.69791000e+01 2.40034448e-02 4.70331018e-02)
286             	(8.38166213e+01 1.81393974e+01 3.18318775e+01)	(6.68355684e+01 1.81155528e+01 3.17853804e+01)	(1.69810529e+01 2.38446300e-02 4.64970811e-02)
287             	(8.37611755e+01 1.79923551e+01 3.15248068e+01)	(6.67782807e+01 1.79686652e+01 3.14788095e+01)	(1.69828948e+01 2.36898906e-02 4.59972583e-02)
288             	(8.37046379e+01 1.78475308e+01 3.12292701e+01)	(6.67200085e+01 1.78239920e+01 3.11837354e+01)	(1.69846294e+01 2.35388017e-02 4.55347250e-02)
289             	(8.36479070e+01 1.77051141e+01 3.09455769e+01)	(6.66616455e+01 1.76817223e+01 3.09004664e+01)	(1.69862615e+01 2.33918639e-02 4.51105412e-02)
290             	(8.35911971e+01 1.75652351e+01 3.06738064e+01)	(6.66034013e+01 1.75419861e+01 3.06290820e+01)	(1.69877958e+01 2.32489735e-02 4.47244488e-02)
291             	(8.35342383e+01 1.74280706e+01 3.04140039e+01)	(6.65450020e+01 1.74049616e+01 3.03696289e+01)	(1.69892363e+01 2.31090101e-02 4.43749939e-02)
292             	(8.34767001e+01 1.72938734e+01 3.01663073e+01)	(6.64861147e+01 1.72709010e+01 3.01222435e+01)	(1.69905854e+01 2.29723896e-02 4.40638176e-02)
293             	(8.34189375e+01 1.71627977e+01 2.99305805e+01)	(6.64270917e+01 1.71399585e+01 2.98867898e+01)	(1.69918458e+01 2.28392183e-02 4.37907131e-02)
294             	(8.33619247e+01 1.70350010e+01 2.97065665e+01)	(6.63689029e+01 1.70122910e+01 2.96630126e+01)	(1.69930218e+01 2.27100034e-02 4.35538077e-02)
295             	(8.33062660e+01 1.69102758e+01 2.94930219e+01)	(6.63121487e+01 1.68876901e+01 2.94496716e+01)	(1.69941173e+01 2.25856692e-02 4.33503305e-02)
296             	(8.32525694e+01 1.67885577e+01 2.92890431e+01)	(6.62574338e+01 1.67660912e+01 2.92458645e+01)	(1.69951355e+01 2.24665679e-02 4.31785712e-02)
297             	(8.32009278e+01 1.66698889e+01 2.90938015e+01)	(6.62048482e+01 1.66475349e+01 2.90507634e+01)	(1.69960796e+01 2.23540161e-02 4.30380725e-02)
298             	(8.31511090e+01 1.65543651e+01 2.89064762e+01)	(6.61541557e+01 1.65321164e+01 2.88635497e+01)	(1.69969533e+01 2.22486863e-02 4.29264496e-02)
299             	(8.31030302e+01 1.64419765e+01 2.87260052e+01)	(6.61052700e+01 1.64198245e+01 2.86831640e+01)	(1.69977602e+01 2.21520605e-02 4.28412630e-02)
300             	(8.30564872e+01 1.63326375e+01 2.85510711e+01)	(6.60579841e+01 1.63105721e+01 2.85082908e+01)	(1.69985032e+01 2.20653686e-02 4.27802889e-02)
301             	(8.30113784e+01 1.62262869e+01 2.83801046e+01)	(6.60121934e+01 1.62042988e+01 2.83373640e+01)	(1.69991851e+01 2.19880918e-02 4.27406263e-02)
302             	(8.29676441e+01 1.61228481e+01 2.82117487e+01)	(6.59678346e+01 1.61009278e+01 2.81690300e+01)	(1.69998094e+01 2.19202901e-02 4.27187932e-02)
303             	(8.29252882e+01 1.60222455e+01 2.80446101e+01)	(6.59249102e+01 1.60003825e+01 2.80018991e+01)	(1.70003781e+01 2.18630545e-02 4.27109606e-02)
304             	(8.28843410e+01 1.59243872e+01 2.78773403e+01)	(6.58834471e+01 1.59025712e+01 2.78346268e+01)	(1.70008939e+01 2.18159396e-02 4.27134583e-02)
305             	(8.28448001e+01 1.58292030e+01 2.77087322e+01)	(6.58434393e+01 1.58074241e+01 2.76660091e+01)	(1.70013607e+01 2.17788966e-02 4.27230201e-02)
306             	(8.28062283e+01 1.57364889e+01 2.75377100e+01)	(6.58044462e+01 1.57147364e+01 2.74949738e+01)	(1.70017821e+01 2.17524225e-02 4.27361426e-02)
307             	(8.27679359e+01 1.56460815e+01 2.73634625e+01)	(6.57657750e+01 1.56243453e+01 2.73207133e+01)	(1.70021609e+01 2.17361814e-02 4.27491740e-02)
308             	(8.27293015e+01 1.55578909e+01 2.71853232e+01)	(6.57268004e+01 1.55361608e+01 2.71425636e+01)	(1.70025010e+01 2.17301285e-02 4.27596361e-02)
309             	(8.26898902e+01 1.54719449e+01 2.70025553e+01)	(6.56870859e+01 1.54502124e+01 2.69597917e+01)	(1.70028043e+01 2.17324988e-02 4.27636240e-02)
310             	(8.26495941e+01 1.53882753e+01 2.68147481e+01)	(6.56465211e+01 1.53665328e+01 2.67719906e+01)	(1.70030730e+01 2.17424323e-02 4.27574072e-02)
311             	(8.26081696e+01 1.53069887e+01 2.66218534e+01)	(6.56048601e+01 1.52852284e+01 2.65791150e+01)	(1.70033096e+01 2.17603009e-02 4.27384004e-02)
312             	(8.25653449e+01 1.52281352e+01 2.64240614e+01)	(6.55618288e+01 1.52063498e+01 2.63813565e+01)	(1.70035160e+01 2.17854297e-02 4.27049102e-02)
313             	(8.25207932e+01 1.51516874e+01 2.62217492e+01)	(6.55170991e+01 1.51298695e+01 2.61790937e+01)	(1.70036941e+01 2.18179772e-02 4.26554993e-02)
314             	(8.24742445e+01 1.50776277e+01 2.60154959e+01)	(6.54703990e+01 1.50557706e+01 2.59729070e+01)	(1.70038455e+01 2.18571443e-02 4.25889173e-02)
315             	(8.24255896e+01 1.50060010e+01 2.58059407e+01)	(6.54216184e+01 1.49840997e+01 2.57634372e+01)	(1.70039712e+01 2.19012303e-02 4.25035182e-02)
316             	(8.23747907e+01 1.49369019e+01 2.55938124e+01)	(6.53707187e+01 1.49149524e+01 2.55514131e+01)	(1.70040720e+01 2.19495395e-02 4.23992706e-02)
317             	(8.23217910e+01 1.48705007e+01 2.53802228e+01)	(6.53176427e+01 1.48484994e+01 2.53379458e+01)	(1.70041483e+01 2.20013747e-02 4.22769403e-02)
318             	(8.22667018e+01 1.48068460e+01 2.51665619e+01)	(6.52625010e+01 1.47847892e+01 2.51244247e+01)	(1.70042008e+01 2.20567229e-02 4.21372320e-02)
319             	(8.22095108e+01 1.47458737e+01 2.49541894e+01)	(6.52052804e+01 1.47237583e+01 2.49122076e+01)	(1.70042304e+01 2.21153965e-02 4.19818090e-02)
320             	(8.21503698e+01 1.46876241e+01 2.47444351e+01)	(6.51461332e+01 1.46654480e+01 2.47026229e+01)	(1.70042366e+01 2.21760844e-02 4.18121647e-02)
321             	(8.20895533e+01 1.46322250e+01 2.45386856e+01)	(6.50853334e+01 1.46099872e+01 2.44970554e+01)	(1.70042198e+01 2.22377554e-02 4.16302259e-02)
322             	(8.20273634e+01 1.45797031e+01 2.43382184e+01)	(6.50231829e+01 1.45574033e+01 2.42967800e+01)	(1.70041805e+01 2.22998153e-02 4.14383806e-02)
323             	(8.19642442e+01 1.45299704e+01 2.41442186e+01)	(6.49601247e+01 1.45076083e+01 2.41029792e+01)	(1.70041195e+01 2.23621416e-02 4.12394463e-02)
324             	(8.19007223e+01 1.44829472e+01 2.39578707e+01)	(6.48966844e+01 1.44605230e+01 2.39168350e+01)	(1.70040379e+01 2.24241523e-02 4.10356640e-02)
325             	(8.18369987e+01 1.44384632e+01 2.37803852e+01)	(6.48330636e+01 1.44159775e+01 2.37395557e+01)	(1.70039350e+01 2.24856604e-02 4.08295236e-02)
326             	(8.17733067e+01 1.43963417e+01 2.36125943e+01)	(6.47694958e+01 1.43737952e+01 2.35719706e+01)	(1.70038109e+01 2.25465488e-02 4.06236705e-02)
327             	(8.17100738e+01 1.43565636e+01 2.34551989e+01)	(6.47064081e+01 1.43339572e+01 2.34147786e+01)	(1.70036657e+01 2.26064093e-02 4.04203366e-02)
328             	(8.16476052e+01 1.43190670e+01 2.33087400e+01)	(6.46441053e+01 1.42964020e+01 2.32685179e+01)	(1.70034999e+01 2.26649369e-02 4.02221222e-02)
329             	(8.15863328e+01 1.42838033e+01 2.31738106e+01)	(6.45830188e+01 1.42610810e+01 2.31337787e+01)	(1.70033139e+01 2.27222572e-02 4.00319249e-02)
330             	(8.15268822e+01 1.42504100e+01 2.30498762e+01)	(6.45237731e+01 1.42276318e+01 2.30100241e+01)	(1.70031091e+01 2.27782089e-02 3.98521021e-02)
331             	(8.14696122e+01 1.42186089e+01 2.29369920e+01)	(6.44667253e+01 1.41957765e+01 2.28973073e+01)	(1.70028869e+01 2.28323775e-02 3.96846460e-02)
332             	(8.14147268e+01 1.41882051e+01 2.28350822e+01)	(6.44120777e+01 1.41653210e+01 2.27955517e+01)	(1.70026491e+01 2.28840895e-02 3.95304990e-02)
333             	(8.13621353e+01 1.41590258e+01 2.27439063e+01)	(6.43597381e+01 1.41360929e+01 2.27045156e+01)	(1.70023971e+01 2.29328467e-02 3.93906486e-02)
334             	(8.13118020e+01 1.41309822e+01 2.26627717e+01)	(6.43096692e+01 1.41080037e+01 2.26235058e+01)	(1.70021328e+01 2.29784668e-02 3.92658122e-02)
335             	(8.12639433e+01 1.41039409e+01 2.25906423e+01)	(6.42620859e+01 1.40809204e+01 2.25514861e+01)	(1.70018574e+01 2.30205458e-02 3.91561544e-02)
336             	(8.12189778e+01 1.40777140e+01 2.25261865e+01)	(6.42174054e+01 1.40546553e+01 2.24871252e+01)	(1.70015724e+01 2.30586998e-02 3.90613442e-02)
337             	(8.11771567e+01 1.40522473e+01 2.24680615e+01)	(6.41758769e+01 1.40291549e+01 2.24290809e+01)	(1.70012799e+01 2.30923562e-02 3.89805440e-02)
338             	(8.11385955e+01 1.40274919e+01 2.24148378e+01)	(6.41376138e+01 1.40043707e+01 2.23759255e+01)	(1.70009816e+01 2.31211461e-02 3.89123645e-02)
339             	(8.11030572e+01 1.40034249e+01 2.23652886e+01)	(6.41023773e+01 1.39802803e+01 2.23264337e+01)	(1.70006800e+01 2.31446354e-02 3.88549190e-02)
340             	(8.10701513e+01 1.39800645e+01 2.23182652e+01)	(6.40697750e+01 1.39569021e+01 2.22794588e+01)	(1.70003763e+01 2.31624728e-02 3.88064399e-02)
341             	(8.10391822e+01 1.39575459e+01 2.22726370e+01)	(6.40391103e+01 1.39343712e+01 2.22338720e+01)	(1.70000719e+01 2.31746484e-02 3.87650004e-02)
342             	(8.10103059e+01 1.39359411e+01 2.22272594e+01)	(6.40105386e+01 1.39127602e+01 2.21885312e+01)	(1.69997673e+01 2.31808464e-02 3.87282210e-02)
343             	(8.09833510e+01 1.39155039e+01 2.21810812e+01)	(6.39838877e+01 1.38923230e+01 2.21423872e+01)	(1.69994634e+01 2.31808471e-02 3.86939764e-02)
344             	(8.09581677e+01 1.38964984e+01 2.21331451e+01)	(6.39590066e+01 1.38733237e+01 2.20944850e+01)	(1.69991610e+01 2.31746988e-02 3.86600629e-02)
345             	(8.09346484e+01 1.38791652e+01 2.20825903e+01)	(6.39357878e+01 1.38560029e+01 2.20439662e+01)	(1.69988606e+01 2.31622780e-02 3.86240891e-02)
346             	(8.09125136e+01 1.38638359e+01 2.20288895e+01)	(6.39139513e+01 1.38406922e+01 2.19903057e+01)	(1.69985623e+01 2.31436280e-02 3.85837977e-02)
347             	(8.08916235e+01 1.38507411e+01 2.19717161e+01)	(6.38933574e+01 1.38276222e+01 2.19331788e+01)	(1.69982661e+01 2.31188455e-02 3.85373012e-02)
348             	(8.08715030e+01 1.38400962e+01 2.19113984e+01)	(6.38735312e+01 1.38170079e+01 2.18729150e+01)	(1.69979719e+01 2.30883173e-02 3.84834006e-02)
349             	(8.08523745e+01 1.38319422e+01 2.18472803e+01)	(6.38546957e+01 1.38088901e+01 2.18088598e+01)	(1.69976788e+01 2.30521135e-02 3.84205194e-02)
350             	(8.08338896e+01 1.38265659e+01 2.17797310e+01)	(6.38365029e+01 1.38035553e+01 2.17413832e+01)	(1.69973867e+01 2.30106564e-02 3.83477890e-02)
351             	(8.08157687e+01 1.38241999e+01 2.17095436e+01)	(6.38186737e+01 1.38012353e+01 2.16712791e+01)	(1.69970950e+01 2.29645747e-02 3.82645261e-02)
352             	(8.07978727e+01 1.38250364e+01 2.16376002e+01)	(6.38010704e+01 1.38021221e+01 2.15994296e+01)	(1.69968023e+01 2.29143033e-02 3.81706151e-02)
353             	(8.07802307e+01 1.38291757e+01 2.15647547e+01)	(6.37837232e+01 1.38063156e+01 2.15266887e+01)	(1.69965075e+01 2.28601142e-02 3.80659515e-02)
354             	(8.07628379e+01 1.38366633e+01 2.14918373e+01)	(6.37666276e+01 1.38138606e+01 2.14538862e+01)	(1.69962102e+01 2.28027428e-02 3.79511138e-02)
355             	(8.07455954e+01 1.38474857e+01 2.14197825e+01)	(6.37496854e+01 1.38247430e+01 2.13819551e+01)	(1.69959100e+01 2.27426717e-02 3.78274042e-02)
356             	(8.07285547e+01 1.38615993e+01 2.13495928e+01)	(6.37329486e+01 1.38389191e+01 2.13118965e+01)	(1.69956061e+01 2.26802788e-02 3.76962550e-02)
357             	(8.07117032e+01 1.38790028e+01 2.12823910e+01)	(6.37164053e+01 1.38563868e+01 2.12448317e+01)	(1.69952979e+01 2.26160635e-02 3.75592367e-02)
358             	(8.06951586e+01 1.38998277e+01 2.12187178e+01)	(6.37001734e+01 1.38772772e+01 2.11812999e+01)	(1.69949851e+01 2.25505138e-02 3.74179430e-02)
359             	(8.06788934e+01 1.39236303e+01 2.11609913e+01)	(6.36842260e+01 1.39011463e+01 2.11237170e+01)	(1.69946674e+01 2.24839915e-02 3.72742878e-02)
360             	(8.06626879e+01 1.39504931e+01 2.11093916e+01)	(6.36683435e+01 1.39280762e+01 2.10722612e+01)	(1.69943444e+01 2.24168821e-02 3.71303244e-02)
361             	(8.06466826e+01 1.39803969e+01 2.10642909e+01)	(6.36526665e+01 1.39580474e+01 2.10273027e+01)	(1.69940161e+01 2.23494717e-02 3.69881270e-02)
362             	(8.06310615e+01 1.40133543e+01 2.10260922e+01)	(6.36373793e+01 1.39910722e+01 2.09892427e+01)	(1.69936822e+01 2.22821520e-02 3.68495197e-02)
363             	(8.06164167e+01 1.40490253e+01 2.09954504e+01)	(6.36230733e+01 1.40268100e+01 2.09587341e+01)	(1.69933434e+01 2.22153085e-02 3.67162598e-02)
364             	(8.06028300e+01 1.40869677e+01 2.09727658e+01)	(6.36098301e+01 1.40648186e+01 2.09361759e+01)	(1.69929999e+01 2.21491107e-02 3.65898810e-02)
365             	(8.05903201e+01 1.41270501e+01 2.09580952e+01)	(6.35976680e+01 1.41049665e+01 2.09216233e+01)	(1.69926521e+01 2.20835662e-02 3.64718925e-02)
366             	(8.05788703e+01 1.41692493e+01 2.09512336e+01)	(6.35865692e+01 1.41472305e+01 2.09148705e+01)	(1.69923011e+01 2.20188370e-02 3.63630731e-02)
367             	(8.05685732e+01 1.42135170e+01 2.09517901e+01)	(6.35766247e+01 1.41915618e+01 2.09155264e+01)	(1.69919485e+01 2.19551692e-02 3.62637203e-02)
368             	(8.05595906e+01 1.42597150e+01 2.09592408e+01)	(6.35679961e+01 1.42378223e+01 2.09230663e+01)	(1.69915945e+01 2.18927311e-02 3.61745045e-02)
369             	(8.05520782e+01 1.43077164e+01 2.09729119e+01)	(6.35608387e+01 1.42858849e+01 2.09368166e+01)	(1.69912395e+01 2.18315862e-02 3.60952609e-02)
370             	(8.05462631e+01 1.43574374e+01 2.09920555e+01)	(6.35553785e+01 1.43356656e+01 2.09560299e+01)	(1.69908846e+01 2.17718244e-02 3.60255876e-02)
371             	(8.05420588e+01 1.44087061e+01 2.10157236e+01)	(6.35515285e+01 1.43869924e+01 2.09797584e+01)	(1.69905303e+01 2.17137213e-02 3.59652644e-02)
372             	(8.05395562e+01 1.44617918e+01 2.10432619e+01)	(6.35493788e+01 1.44401346e+01 2.10073484e+01)	(1.69901774e+01 2.16572218e-02 3.59135072e-02)
373             	(8.05387247e+01 1.45166370e+01 2.10736665e+01)	(6.35488984e+01 1.44950345e+01 2.10377972e+01)	(1.69898263e+01 2.16024886e-02 3.58692639e-02)
374             	(8.05395488e+01 1.45731642e+01 2.11058599e+01)	(6.35500713e+01 1.45516143e+01 2.10700286e+01)	(1.69894775e+01 2.15499254e-02 3.58313254e-02)
375             	(8.05420171e+01 1.46313238e+01 2.11388637e+01)	(6.35528854e+01 1.46098237e+01 2.11030653e+01)	(1.69891317e+01 2.15001037e-02 3.57984041e-02)
376             	(8.05460223e+01 1.46910761e+01 2.11717944e+01)	(6.35572327e+01 1.46696230e+01 2.11360252e+01)	(1.69887896e+01 2.14530867e-02 3.57692360e-02)
377             	(8.05514209e+01 1.47525294e+01 2.12039923e+01)	(6.35629698e+01 1.47311205e+01 2.11682500e+01)	(1.69884512e+01 2.14089542e-02 3.57423151e-02)
378             	(8.05580257e+01 1.48157385e+01 2.12347614e+01)	(6.35699089e+01 1.47943705e+01 2.11990451e+01)	(1.69881167e+01 2.13679263e-02 3.57162797e-02)
379             	(8.05658166e+01 1.48807058e+01 2.12634564e+01)	(6.35780302e+01 1.48593757e+01 2.12277668e+01)	(1.69877865e+01 2.13300391e-02 3.56896327e-02)
380             	(8.05745392e+01 1.49473191e+01 2.12894539e+01)	(6.35870785e+01 1.49260238e+01 2.12537928e+01)	(1.69874607e+01 2.12953258e-02 3.56611061e-02)
381             	(8.05844755e+01 1.50158386e+01 2.13126917e+01)	(6.35973357e+01 1.49945748e+01 2.12770623e+01)	(1.69871398e+01 2.12638808e-02 3.56294558e-02)
382             	(8.05953874e+01 1.50862410e+01 2.13329711e+01)	(6.36085635e+01 1.50650051e+01 2.12973772e+01)	(1.69868239e+01 2.12358901e-02 3.55939212e-02)
383             	(8.06069199e+01 1.51583911e+01 2.13501323e+01)	(6.36204068e+01 1.51371796e+01 2.13145786e+01)	(1.69865131e+01 2.12114490e-02 3.55537199e-02)
384             	(8.06187843e+01 1.52321796e+01 2.13641338e+01)	(6.36325769e+01 1.52109890e+01 2.13286255e+01)	(1.69862074e+01 2.11905994e-02 3.55082828e-02)
385             	(8.06308596e+01 1.53075631e+01 2.13751070e+01)	(6.36449533e+01 1.52863897e+01 2.13396496e+01)	(1.69859062e+01 2.11733789e-02 3.54573806e-02)
386             	(8.06430723e+01 1.53845399e+01 2.13833862e+01)	(6.36574623e+01 1.53633801e+01 2.13479854e+01)	(1.69856101e+01 2.11597393e-02 3.54007738e-02)
387             	(8.06553227e+01 1.54630906e+01 2.13894240e+01)	(6.36700037e+01 1.54419410e+01 2.13540856e+01)	(1.69853190e+01 2.11495977e-02 3.53384029e-02)
388             	(8.06674795e+01 1.55431278e+01 2.13936866e+01)	(6.36824465e+01 1.55219849e+01 2.13584160e+01)	(1.69850330e+01 2.11429271e-02 3.52706693e-02)
389             	(8.06794322e+01 1.56245349e+01 2.13966076e+01)	(6.36946804e+01 1.56033954e+01 2.13614094e+01)	(1.69847518e+01 2.11394868e-02 3.51981827e-02)
390             	(8.06910920e+01 1.57071950e+01 2.13986131e+01)	(6.37066161e+01 1.56860557e+01 2.13634914e+01)	(1.69844759e+01 2.11392944e-02 3.51216957e-02)
391             	(8.07023820e+01 1.57910039e+01 2.14001583e+01)	(6.37181772e+01 1.57698616e+01 2.13651162e+01)	(1.69842047e+01 2.11422309e-02 3.50420350e-02)
392             	(8.07132569e+01 1.58758816e+01 2.14017641e+01)	(6.37293186e+01 1.58547335e+01 2.13668040e+01)	(1.69839383e+01 2.11481205e-02 3.49601203e-02)
393             	(8.07236855e+01 1.59617823e+01 2.14039398e+01)	(6.37400094e+01 1.59406255e+01 2.13690630e+01)	(1.69836761e+01 2.11568212e-02 3.48768411e-02)
394             	(8.07337019e+01 1.60486309e+01 2.14071713e+01)	(6.37502837e+01 1.60274628e+01 2.13723781e+01)	(1.69834181e+01 2.11681327e-02 3.47931600e-02)
395             	(8.07434184e+01 1.61363415e+01 2.14118116e+01)	(6.37602541e+01 1.61151595e+01 2.13771015e+01)	(1.69831643e+01 2.11819077e-02 3.47101047e-02)
396             	(8.07529446e+01 1.62248304e+01 2.14181518e+01)	(6.37700298e+01 1.62036324e+01 2.13835231e+01)	(1.69829148e+01 2.11980187e-02 3.46286123e-02)
397             	(8.07623409e+01 1.63140292e+01 2.14263995e+01)	(6.37796711e+01 1.62928129e+01 2.13918499e+01)	(1.69826697e+01 2.12163193e-02 3.45495626e-02)
398             	(8.07717138e+01 1.64038866e+01 2.14366710e+01)	(6.37892845e+01 1.63826500e+01 2.14021971e+01)	(1.69824294e+01 2.12366917e-02 3.44738223e-02)
399             	(8.07811820e+01 1.64943762e+01 2.14490133e+01)	(6.37989880e+01 1.64731173e+01 2.14146113e+01)	(1.69821940e+01 2.12589460e-02 3.44020576e-02)
400             	(8.07907863e+01 1.65854795e+01 2.14634317e+01)	(6.38088224e+01 1.65641965e+01 2.14290969e+01)	(1.69819639e+01 2.12830696e-02 3.43347149e-02)
401             	(8.08005886e+01 1.66771772e+01 2.14798472e+01)	(6.38188491e+01 1.66558680e+01 2.14455750e+01)	(1.69817395e+01 2.13091380e-02 3.42721854e-02)
402             	(8.08106856e+01 1.67694334e+01 2.14980875e+01)	(6.38291644e+01 1.67480963e+01 2.14638727e+01)	(1.69815212e+01 2.13371683e-02 3.42147923e-02)
403             	(8.08211967e+01 1.68621791e+01 2.15178730e+01)	(6.38398873e+01 1.68408121e+01 2.14837103e+01)	(1.69813094e+01 2.13670511e-02 3.41627025e-02)
404             	(8.08323023e+01 1.69553625e+01 2.15387838e+01)	(6.38511979e+01 1.69339638e+01 2.15046679e+01)	(1.69811044e+01 2.13987494e-02 3.41158820e-02)
405             	(8.08441690e+01 1.70489582e+01 2.15603369e+01)	(6.38632622e+01 1.70275261e+01 2.15262628e+01)	(1.69809068e+01 2.14321805e-02 3.40741174e-02)
406             	(8.08568416e+01 1.71429091e+01 2.15820427e+01)	(6.38761244e+01 1.71214417e+01 2.15480057e+01)	(1.69807172e+01 2.14673705e-02 3.40370015e-02)
407             	(8.08702609e+01 1.72371442e+01 2.16034366e+01)	(6.38897249e+01 1.72156398e+01 2.15694326e+01)	(1.69805360e+01 2.15043548e-02 3.40040049e-02)
408             	(8.08843481e+01 1.73316537e+01 2.16240722e+01)	(6.39039844e+01 1.73101106e+01 2.15900978e+01)	(1.69803637e+01 2.15431434e-02 3.39744680e-02)
409             	(8.08992071e+01 1.74264358e+01 2.16434171e+01)	(6.39190065e+01 1.74048522e+01 2.16094694e+01)	(1.69802006e+01 2.15835841e-02 3.39476843e-02)
410             	(8.09149213e+01 1.75214163e+01 2.16609374e+01)	(6.39348738e+01 1.74997905e+01 2.16270146e+01)	(1.69800475e+01 2.16257758e-02 3.39228146e-02)
411             	(8.09314575e+01 1.76165129e+01 2.16761215e+01)	(6.39515525e+01 1.75948432e+01 2.16422224e+01)	(1.69799049e+01 2.16696698e-02 3.38991024e-02)
412             	(8.09486602e+01 1.77116431e+01 2.16884903e+01)	(6.39688870e+01 1.76899279e+01 2.16546145e+01)	(1.69797731e+01 2.17151897e-02 3.38758118e-02)
413             	(8.09663656e+01 1.78067289e+01 2.16975986e+01)	(6.39867134e+01 1.77849667e+01 2.16637465e+01)	(1.69796522e+01 2.17622830e-02 3.38520874e-02)
414             	(8.09844804e+01 1.79017060e+01 2.17030797e+01)	(6.40049381e+01 1.78798952e+01 2.16692527e+01)	(1.69795423e+01 2.18107553e-02 3.38270208e-02)
415             	(8.10029207e+01 1.79965105e+01 2.17046246e+01)	(6.40234773e+01 1.79746502e+01 2.16708248e+01)	(1.69794435e+01 2.18603177e-02 3.37997625e-02)
416             	(8.10215394e+01 1.80910922e+01 2.17019734e+01)	(6.40421837e+01 1.80691815e+01 2.16682038e+01)	(1.69793557e+01 2.19106554e-02 3.37696014e-02)
417             	(8.10401447e+01 1.81854134e+01 2.16949677e+01)	(6.40608658e+01 1.81634519e+01 2.16612318e+01)	(1.69792790e+01 2.19615303e-02 3.37358599e-02)
418             	(8.10585602e+01 1.82794554e+01 2.16835095e+01)	(6.40793470e+01 1.82574428e+01 2.16498116e+01)	(1.69792132e+01 2.20125941e-02 3.36978713e-02)
419             	(8.10766492e+01 1.83732175e+01 2.16676069e+01)	(6.40974911e+01 1.83511538e+01 2.16339517e+01)	(1.69791581e+01 2.20636430e-02 3.36552108e-02)
420             	(8.10942788e+01 1.84666981e+01 2.16472953e+01)	(6.41151655e+01 1.84445836e+01 2.16136878e+01)	(1.69791133e+01 2.21144794e-02 3.36075290e-02)
421             	(8.11113510e+01 1.85598918e+01 2.16227027e+01)	(6.41322723e+01 1.85377269e+01 2.15891481e+01)	(1.69790787e+01 2.21648873e-02 3.35546443e-02)
422             	(8.11277901e+01 1.86527949e+01 2.15940472e+01)	(6.41487361e+01 1.86305802e+01 2.15605509e+01)	(1.69790540e+01 2.22147817e-02 3.34963584e-02)
423             	(8.11435203e+01 1.87454580e+01 2.15616279e+01)	(6.41644815e+01 1.87231940e+01 2.15281951e+01)	(1.69790389e+01 2.22639429e-02 3.34328092e-02)
424             	(8.11584590e+01 1.88379854e+01 2.15257986e+01)	(6.41794259e+01 1.88156733e+01 2.14924342e+01)	(1.69790332e+01 2.23121902e-02 3.33643627e-02)
425             	(8.11725132e+01 1.89304585e+01 2.14869484e+01)	(6.41934767e+01 1.89080990e+01 2.14536570e+01)	(1.69790364e+01 2.23594238e-02 3.32913604e-02)
426             	(8.11855995e+01 1.90229333e+01 2.14454989e+01)	(6.42065512e+01 1.90005278e+01 2.14122847e+01)	(1.69790483e+01 2.24055602e-02 3.32141835e-02)
427             	(8.11977354e+01 1.91155795e+01 2.14017709e+01)	(6.42186669e+01 1.90931289e+01 2.13686375e+01)	(1.69790686e+01 2.24506468e-02 3.31333562e-02)
428             	(8.12089132e+01 1.92082306e+01 2.13562796e+01)	(6.42298165e+01 1.91857358e+01 2.13232301e+01)	(1.69790968e+01 2.24948267e-02 3.30495464e-02)
429             	(8.12191820e+01 1.93009642e+01 2.13094567e+01)	(6.42400493e+01 1.92784262e+01 2.12764932e+01)	(1.69791327e+01 2.25380517e-02 3.29634554e-02)
430             	(8.12286235e+01 1.93938935e+01 2.12617250e+01)	(6.42494475e+01 1.93713133e+01 2.12288491e+01)	(1.69791760e+01 2.25802752e-02 3.28759174e-02)
431             	(8.12373092e+01 1.94871723e+01 2.12134264e+01)	(6.42580829e+01 1.94645506e+01 2.11806388e+01)	(1.69792263e+01 2.26217123e-02 3.27876303e-02)
432             	(8.12453326e+01 1.95809126e+01 2.11648335e+01)	(6.42660490e+01 1.95582500e+01 2.11321343e+01)	(1.69792836e+01 2.26625842e-02 3.26992538e-02)
433             	(8.12528157e+01 1.96750994e+01 2.11162501e+01)	(6.42734678e+01 1.96523963e+01 2.10836386e+01)	(1.69793479e+01 2.27031029e-02 3.26114345e-02)
434             	(8.12598511e+01 1.97697138e+01 2.10678860e+01)	(6.42804316e+01 1.97469702e+01 2.10353611e+01)	(1.69794195e+01 2.27436285e-02 3.25249016e-02)
435             	(8.12665114e+01 1.98647354e+01 2.10199278e+01)	(6.42870124e+01 1.98419508e+01 2.09874874e+01)	(1.69794990e+01 2.27845982e-02 3.24404116e-02)
436             	(8.12728733e+01 1.99601487e+01 2.09725339e+01)	(6.42932872e+01 1.99373224e+01 2.09401755e+01)	(1.69795862e+01 2.28263040e-02 3.23583579e-02)
437             	(8.12790281e+01 2.00559288e+01 2.09257684e+01)	(6.42993474e+01 2.00330596e+01 2.08934891e+01)	(1.69796807e+01 2.28691807e-02 3.22793399e-02)
438             	(8.12850630e+01 2.01520622e+01 2.08795981e+01)	(6.43052802e+01 2.01291488e+01 2.08473943e+01)	(1.69797828e+01 2.29134122e-02 3.22038027e-02)
439             	(8.12910657e+01 2.02484858e+01 2.08339271e+01)	(6.43111730e+01 2.02255267e+01 2.08017952e+01)	(1.69798927e+01 2.29591591e-02 3.21318682e-02)
440             	(8.12971387e+01 2.03451234e+01 2.07885743e+01)	(6.43171283e+01 2.03221169e+01 2.07565105e+01)	(1.69800104e+01 2.30065536e-02 3.20637937e-02)
441             	(8.13034085e+01 2.04418841e+01 2.07432894e+01)	(6.43232723e+01 2.04188283e+01 2.07112897e+01)	(1.69801362e+01 2.30558388e-02 3.19997643e-02)
442             	(8.13099304e+01 2.05386523e+01 2.06978476e+01)	(6.43296597e+01 2.05155451e+01 2.06659082e+01)	(1.69802707e+01 2.31071566e-02 3.19393607e-02)
443             	(8.13167071e+01 2.06353650e+01 2.06519730e+01)	(6.43362934e+01 2.06122044e+01 2.06200906e+01)	(1.69804137e+01 2.31606217e-02 3.18824007e-02)
444             	(8.13237456e+01 2.07319209e+01 2.06053213e+01)	(6.43431803e+01 2.07087047e+01 2.05734924e+01)	(1.69805653e+01 2.32161585e-02 3.18288756e-02)
445             	(8.13311001e+01 2.08282402e+01 2.05574838e+01)	(6.43503746e+01 2.08049665e+01 2.05257059e+01)	(1.69807256e+01 2.32737110e-02 3.17779326e-02)
446             	(8.13387650e+01 2.09242809e+01 2.05080668e+01)	(6.43578704e+01 2.09009476e+01 2.04763377e+01)	(1.69808946e+01 2.33332507e-02 3.17290863e-02)
447             	(8.13466155e+01 2.10200422e+01 2.04567144e+01)	(6.43655433e+01 2.09966475e+01 2.04250328e+01)	(1.69810723e+01 2.33947406e-02 3.16816790e-02)
448             	(8.13544911e+01 2.11155056e+01 2.04031682e+01)	(6.43732325e+01 2.10920472e+01 2.03715332e+01)	(1.69812586e+01 2.34584536e-02 3.16350346e-02)
449             	(8.13622436e+01 2.12106641e+01 2.03472290e+01)	(6.43807901e+01 2.11871396e+01 2.03156405e+01)	(1.69814535e+01 2.35245065e-02 3.15884637e-02)
450             	(8.13697894e+01 2.13055248e+01 2.02887197e+01)	(6.43881323e+01 2.12819321e+01 2.02571787e+01)	(1.69816571e+01 2.35927501e-02 3.15409765e-02)
451             	(8.13770934e+01 2.14001239e+01 2.02274665e+01)	(6.43952244e+01 2.13764613e+01 2.01959741e+01)	(1.69818689e+01 2.36626644e-02 3.14923604e-02)
452             	(8.13841573e+01 2.14944402e+01 2.01633338e+01)	(6.44020686e+01 2.14707061e+01 2.01318912e+01)	(1.69820887e+01 2.37341580e-02 3.14425388e-02)
453             	(8.13909494e+01 2.15884375e+01 2.00962737e+01)	(6.44086335e+01 2.15646303e+01 2.00648825e+01)	(1.69823159e+01 2.38072648e-02 3.13911881e-02)
454             	(8.13973640e+01 2.16821533e+01 2.00262904e+01)	(6.44148137e+01 2.16582713e+01 1.99949526e+01)	(1.69825503e+01 2.38819597e-02 3.13378068e-02)
455             	(8.14033346e+01 2.17756124e+01 1.99534367e+01)	(6.44205433e+01 2.17516542e+01 1.99221546e+01)	(1.69827913e+01 2.39582194e-02 3.12820878e-02)
456             	(8.14088742e+01 2.18688432e+01 1.98778037e+01)	(6.44258359e+01 2.18448073e+01 1.98465802e+01)	(1.69830384e+01 2.40359516e-02 3.12234514e-02)
457             	(8.14139283e+01 2.19618593e+01 1.97995376e+01)	(6.44306374e+01 2.19377440e+01 1.97683760e+01)	(1.69832909e+01 2.41152883e-02 3.11615986e-02)
458             	(8.14184361e+01 2.20546772e+01 1.97188314e+01)	(6.44348874e+01 2.20304808e+01 1.96877347e+01)	(1.69835487e+01 2.41963905e-02 3.10966977e-02)
459             	(8.14223730e+01 2.21473404e+01 1.96359411e+01)	(6.44385617e+01 2.21230611e+01 1.96049121e+01)	(1.69838114e+01 2.42793406e-02 3.10289514e-02)
460             	(8.14257220e+01 2.22398771e+01 1.95510998e+01)	(6.44416432e+01 2.22155129e+01 1.95201415e+01)	(1.69840788e+01 2.43642250e-02 3.09583172e-02)
461             	(8.14284851e+01 2.23322666e+01 1.94645608e+01)	(6.44441346e+01 2.23078155e+01 1.94336762e+01)	(1.69843506e+01 2.44510970e-02 3.08846268e-02)
462             	(8.14306529e+01 2.24244802e+01 1.93765960e+01)	(6.44460269e+01 2.23999402e+01 1.93457877e+01)	(1.69846259e+01 2.45399943e-02 3.08082457e-02)
463             	(8.14321316e+01 2.25165384e+01 1.92875318e+01)	(6.44472271e+01 2.24919073e+01 1.92568021e+01)	(1.69849045e+01 2.46311273e-02 3.07296762e-02)
