# Moment        
# CofR          : (0.00000000e+00 0.00000000e+00 0.00000000e+00)
#
# Time          	(total_x total_y total_z)	(pressure_x pressure_y pressure_z)	(viscous_x viscous_y viscous_z)
1               	(-7.60823482e-05 -5.53324611e-01 1.85677809e-01)	(-7.58198449e-05 -5.53231172e-01 1.85598588e-01)	(-2.62503327e-07 -9.34387230e-05 7.92206850e-05)
2               	(-3.81139853e-05 -6.25738099e-01 1.15569764e-01)	(-2.88488315e-05 -6.25376197e-01 1.17084082e-01)	(-9.26515381e-06 -3.61902189e-04 -1.51431794e-03)
3               	(8.21731013e-05 -1.14774045e-01 -2.75824641e-01)	(8.31404340e-05 -1.14823042e-01 -2.73477851e-01)	(-9.67332604e-07 4.89971061e-05 -2.34679075e-03)
4               	(1.46755402e-04 5.27740228e-01 -1.18564645e-01)	(1.39719290e-04 5.27518955e-01 -1.18832150e-01)	(7.03611158e-06 2.21272343e-04 2.67505366e-04)
5               	(6.72097552e-05 6.57647287e-01 8.26551458e-03)	(9.80724470e-05 6.59681867e-01 9.78261666e-03)	(-3.08626918e-05 -2.03457996e-03 -1.51710208e-03)
6               	(1.29457945e-04 4.57748962e-01 3.45446094e-01)	(1.32700794e-06 4.59494970e-01 3.42414833e-01)	(1.28130937e-04 -1.74600773e-03 3.03126103e-03)
7               	(2.72837502e-04 7.75405907e-02 6.70451721e-01)	(-7.54638923e-05 7.71695654e-02 6.70639905e-01)	(3.48301394e-04 3.71025332e-04 -1.88184215e-04)
8               	(2.77877724e-04 -1.41537590e-02 5.01486096e-02)	(-7.30311847e-05 -1.31801362e-02 4.93638719e-02)	(3.50908909e-04 -9.73622800e-04 7.84737736e-04)
9               	(2.46911441e-04 -3.23547470e-01 -6.05101478e-01)	(-2.30739714e-05 -3.22625894e-01 -6.02670048e-01)	(2.69985413e-04 -9.21575890e-04 -2.43143020e-03)
10              	(5.56493367e-04 -2.74003385e-01 -9.16338294e-01)	(4.03998080e-05 -2.74526791e-01 -9.10306808e-01)	(5.16093559e-04 5.23406472e-04 -6.03148588e-03)
11              	(5.53395527e-04 -2.49094718e-01 -3.49417987e-01)	(9.68253198e-05 -2.52461339e-01 -3.54340889e-01)	(4.56570207e-04 3.36662022e-03 4.92290188e-03)
12              	(4.16900924e-04 -3.25537088e-04 3.71579073e-01)	(1.31601868e-04 -1.54191332e-03 3.54921032e-01)	(2.85299056e-04 1.21637623e-03 1.66580408e-02)
13              	(4.19449302e-04 2.45709831e-01 8.00794354e-01)	(1.28892597e-04 2.51098463e-01 8.02855340e-01)	(2.90556706e-04 -5.38863172e-03 -2.06098567e-03)
14              	(4.26006643e-04 2.39996506e-01 6.74025311e-01)	(1.11996601e-04 2.45162132e-01 6.79488601e-01)	(3.14010042e-04 -5.16562634e-03 -5.46328985e-03)
15              	(4.58197885e-04 6.01545546e-03 3.07725146e-01)	(9.90671429e-05 1.28526771e-02 3.17363993e-01)	(3.59130742e-04 -6.83722167e-03 -9.63884713e-03)
16              	(3.48369391e-04 -1.96964746e-01 -3.41565826e-02)	(8.84610861e-05 -1.89103060e-01 -2.23924003e-02)	(2.59908305e-04 -7.86168624e-03 -1.17641824e-02)
17              	(2.43632174e-04 -2.37592833e-01 -6.17885298e-02)	(8.09565116e-05 -2.29870863e-01 -5.17235273e-02)	(1.62675662e-04 -7.72196956e-03 -1.00650024e-02)
18              	(1.55731912e-04 -1.75336665e-01 1.28221029e-01)	(7.63416150e-05 -1.67802280e-01 1.37537212e-01)	(7.93902970e-05 -7.53438470e-03 -9.31618325e-03)
19              	(5.75687230e-05 -6.07253888e-02 3.88917415e-01)	(7.34072108e-05 -5.35803887e-02 3.95470713e-01)	(-1.58384879e-05 -7.14500013e-03 -6.55329784e-03)
20              	(-2.91806543e-05 3.91882326e-02 4.91714130e-01)	(7.24185625e-05 4.63188556e-02 4.94898609e-01)	(-1.01599217e-04 -7.13062297e-03 -3.18447845e-03)
21              	(-1.18542663e-04 5.93811320e-02 3.42844118e-01)	(7.79479981e-05 6.67948339e-02 3.43888510e-01)	(-1.96490661e-04 -7.41370193e-03 -1.04439249e-03)
22              	(-1.91151922e-04 -6.89853261e-03 1.44510094e-01)	(8.83556240e-05 1.17266300e-03 1.44951309e-01)	(-2.79507546e-04 -8.07119562e-03 -4.41214287e-04)
23              	(-2.38292988e-04 -8.88721151e-02 7.41604873e-02)	(9.87734532e-05 -8.00517122e-02 7.46620750e-02)	(-3.37066441e-04 -8.82040288e-03 -5.01587694e-04)
24              	(-2.64126678e-04 -1.14225294e-01 1.68436527e-01)	(1.04814777e-04 -1.04564009e-01 1.68974447e-01)	(-3.68941455e-04 -9.66128454e-03 -5.37919514e-04)
25              	(-2.80878969e-04 -8.09836188e-02 3.39726633e-01)	(1.04763851e-04 -7.09624584e-02 3.39899747e-01)	(-3.85642820e-04 -1.00211604e-02 -1.73114717e-04)
26              	(-2.98803459e-04 -2.46589906e-02 4.31638496e-01)	(1.00405344e-04 -1.45023240e-02 4.30726374e-01)	(-3.99208802e-04 -1.01566665e-02 9.12121374e-04)
27              	(-3.09824489e-04 1.21635885e-02 3.75741284e-01)	(9.40996794e-05 2.22705615e-02 3.73174673e-01)	(-4.03924169e-04 -1.01069730e-02 2.56661124e-03)
28              	(-3.11935106e-04 6.67877224e-03 2.36298209e-01)	(8.87868610e-05 1.66644116e-02 2.31729241e-01)	(-4.00721967e-04 -9.98563937e-03 4.56896807e-03)
29              	(-3.04689045e-04 -2.50144047e-02 1.42872094e-01)	(8.58010588e-05 -1.51484784e-02 1.36081850e-01)	(-3.90490104e-04 -9.86592635e-03 6.79024375e-03)
30              	(-2.92963376e-04 -4.86196461e-02 1.77320332e-01)	(8.46931959e-05 -3.88294287e-02 1.68218352e-01)	(-3.77656571e-04 -9.79021737e-03 9.10198006e-03)
31              	(-2.84775983e-04 -3.58319357e-02 2.98441807e-01)	(8.56427148e-05 -2.61251778e-02 2.86938104e-01)	(-3.70418698e-04 -9.70675787e-03 1.15037035e-02)
32              	(-2.79177384e-04 6.06643866e-03 3.88476814e-01)	(8.78453979e-05 1.56253352e-02 3.74465205e-01)	(-3.67022781e-04 -9.55889649e-03 1.40116087e-02)
33              	(-2.68030379e-04 4.16787391e-02 3.65003413e-01)	(9.02491411e-05 5.10347802e-02 3.48437682e-01)	(-3.58279520e-04 -9.35604115e-03 1.65657318e-02)
34              	(-2.50359255e-04 5.22959449e-02 2.54913272e-01)	(9.14739103e-05 6.13962653e-02 2.35933925e-01)	(-3.41833166e-04 -9.10032034e-03 1.89793468e-02)
35              	(-2.20376815e-04 3.82647488e-02 1.31231472e-01)	(9.13658727e-05 4.70509710e-02 1.10257993e-01)	(-3.11742687e-04 -8.78622221e-03 2.09734789e-02)
36              	(-1.81126354e-04 1.80030931e-02 6.52525632e-02)	(8.99299151e-05 2.63900423e-02 4.29194205e-02)	(-2.71056269e-04 -8.38694920e-03 2.23331427e-02)
37              	(-1.36539807e-04 1.22044432e-02 6.27893086e-02)	(8.79223721e-05 2.01525222e-02 3.97892446e-02)	(-2.24462179e-04 -7.94807899e-03 2.30000640e-02)
38              	(-9.13307906e-05 2.77495530e-02 6.23401078e-02)	(8.62017346e-05 3.52394872e-02 3.93686923e-02)	(-1.77532525e-04 -7.48993418e-03 2.29714155e-02)
39              	(-4.69289063e-05 5.59199837e-02 -5.04361829e-04)	(8.50885239e-05 6.29532643e-02 -2.27846910e-02)	(-1.32017430e-04 -7.03328061e-03 2.22803292e-02)
40              	(-7.66911517e-06 8.02553669e-02 -1.37518781e-01)	(8.45794250e-05 8.68193904e-02 -1.58449567e-01)	(-9.22485402e-05 -6.56402349e-03 2.09307856e-02)
41              	(2.29700539e-05 8.96573645e-02 -3.13196616e-01)	(8.45062200e-05 9.57714547e-02 -3.32253106e-01)	(-6.15361661e-05 -6.11409026e-03 1.90564903e-02)
42              	(4.74280737e-05 8.83295088e-02 -4.74243031e-01)	(8.45977435e-05 9.39751386e-02 -4.91025806e-01)	(-3.71696699e-05 -5.64562981e-03 1.67827754e-02)
43              	(6.74377602e-05 8.72021258e-02 -5.87258908e-01)	(8.41294355e-05 9.24202760e-02 -6.01613156e-01)	(-1.66916753e-05 -5.21815022e-03 1.43542484e-02)
44              	(8.11043419e-05 9.35319497e-02 -6.58934143e-01)	(8.30802428e-05 9.83896918e-02 -6.70980631e-01)	(-1.97590091e-06 -4.85774207e-03 1.20464882e-02)
45              	(8.95873940e-05 1.07859989e-01 -7.18134885e-01)	(8.12833840e-05 1.12461965e-01 -7.28200397e-01)	(8.30400994e-06 -4.60197579e-03 1.00655117e-02)
46              	(9.98723842e-05 1.23806699e-01 -7.84500062e-01)	(7.88380291e-05 1.28237958e-01 -7.93026063e-01)	(2.10343551e-05 -4.43125911e-03 8.52600043e-03)
47              	(1.07951713e-04 1.33988783e-01 -8.54706274e-01)	(7.58257451e-05 1.38313652e-01 -8.62185251e-01)	(3.21259682e-05 -4.32486888e-03 7.47897788e-03)
48              	(1.15964278e-04 1.35354740e-01 -9.09879265e-01)	(7.26746321e-05 1.39641213e-01 -9.16820531e-01)	(4.32896463e-05 -4.28647277e-03 6.94126562e-03)
49              	(1.24092418e-04 1.31003919e-01 -9.34756185e-01)	(6.98188403e-05 1.35308667e-01 -9.41661307e-01)	(5.42735776e-05 -4.30474731e-03 6.90512233e-03)
50              	(1.32158441e-04 1.25609465e-01 -9.28387803e-01)	(6.77300471e-05 1.29992569e-01 -9.35756449e-01)	(6.44283941e-05 -4.38310329e-03 7.36864549e-03)
51              	(1.42934422e-04 1.24269819e-01 -9.00386805e-01)	(6.63173888e-05 1.28785136e-01 -9.08710699e-01)	(7.66170337e-05 -4.51531683e-03 8.32389419e-03)
52              	(1.55233381e-04 1.25783586e-01 -8.59076889e-01)	(6.54765247e-05 1.30495031e-01 -8.68834742e-01)	(8.97568566e-05 -4.71144449e-03 9.75785332e-03)
53              	(1.65298360e-04 1.26597147e-01 -8.07344856e-01)	(6.50190610e-05 1.31554328e-01 -8.18975495e-01)	(1.00279299e-04 -4.95718096e-03 1.16306390e-02)
54              	(1.76289905e-04 1.25093239e-01 -7.43660926e-01)	(6.46191637e-05 1.30334026e-01 -7.57548646e-01)	(1.11670741e-04 -5.24078670e-03 1.38877197e-02)
55              	(1.85737440e-04 1.21372070e-01 -6.65283993e-01)	(6.41976153e-05 1.26916390e-01 -6.81741845e-01)	(1.21539825e-04 -5.54432018e-03 1.64578514e-02)
56              	(1.92603711e-04 1.15101944e-01 -5.73048125e-01)	(6.37879646e-05 1.20982996e-01 -5.92347305e-01)	(1.28815747e-04 -5.88105230e-03 1.92991809e-02)
57              	(2.01897940e-04 1.05987246e-01 -4.70354688e-01)	(6.39010370e-05 1.12212078e-01 -4.92693058e-01)	(1.37996903e-04 -6.22483236e-03 2.23383701e-02)
58              	(2.12077530e-04 9.52190538e-02 -3.63564540e-01)	(6.44694433e-05 1.01802431e-01 -3.89072192e-01)	(1.47608086e-04 -6.58337702e-03 2.55076529e-02)
59              	(2.19052946e-04 8.63853521e-02 -2.59033276e-01)	(6.56631029e-05 9.33209164e-02 -2.87775305e-01)	(1.53389843e-04 -6.93556438e-03 2.87420286e-02)
60              	(2.27113379e-04 8.00509599e-02 -1.60512187e-01)	(6.73083976e-05 8.73120560e-02 -1.92473656e-01)	(1.59804982e-04 -7.26109607e-03 3.19614686e-02)
61              	(2.32645571e-04 6.94340730e-02 -6.73147731e-02)	(6.90430661e-05 7.69850077e-02 -1.02411202e-01)	(1.63602505e-04 -7.55093478e-03 3.50964291e-02)
62              	(2.38953305e-04 5.39292429e-02 2.02205221e-02)	(7.07017564e-05 6.17293678e-02 -1.78811226e-02)	(1.68251548e-04 -7.80012495e-03 3.81016448e-02)
63              	(2.41291627e-04 3.95195048e-02 9.62790416e-02)	(7.22099261e-05 4.75275489e-02 5.53459801e-02)	(1.69081701e-04 -8.00804416e-03 4.09330615e-02)
64              	(2.44995463e-04 2.35757172e-02 1.59771293e-01)	(7.37687567e-05 3.17371042e-02 1.16227445e-01)	(1.71226707e-04 -8.16138699e-03 4.35438475e-02)
65              	(2.47593795e-04 6.54927213e-03 2.09794463e-01)	(7.55680853e-05 1.48292261e-02 1.63862622e-01)	(1.72025710e-04 -8.27995401e-03 4.59318412e-02)
66              	(2.51001783e-04 -9.48119752e-03 2.43446529e-01)	(7.78112715e-05 -1.12129984e-03 1.95371993e-01)	(1.73190512e-04 -8.35989767e-03 4.80745361e-02)
67              	(2.56493415e-04 -2.36202462e-02 2.62046205e-01)	(8.04933686e-05 -1.52551445e-02 2.12092463e-01)	(1.76000046e-04 -8.36510173e-03 4.99537420e-02)
68              	(2.59597908e-04 -3.13261173e-02 2.64665370e-01)	(8.36045950e-05 -2.29904980e-02 2.13082828e-01)	(1.75993313e-04 -8.33561932e-03 5.15825416e-02)
69              	(2.65905926e-04 -3.46127471e-02 2.54557754e-01)	(8.62584566e-05 -2.63413570e-02 2.01596496e-01)	(1.79647469e-04 -8.27139005e-03 5.29612583e-02)
70              	(2.71601686e-04 -4.00766488e-02 2.36632888e-01)	(8.82855159e-05 -3.19171751e-02 1.82548156e-01)	(1.83316170e-04 -8.15947372e-03 5.40847316e-02)
71              	(2.72634401e-04 -4.79495602e-02 2.13063554e-01)	(8.98518983e-05 -3.99392513e-02 1.58088950e-01)	(1.82782503e-04 -8.01030893e-03 5.49746033e-02)
72              	(2.74196877e-04 -5.81470025e-02 1.85511788e-01)	(9.05553703e-05 -5.02986867e-02 1.29872220e-01)	(1.83641506e-04 -7.84831580e-03 5.56395680e-02)
73              	(2.73075806e-04 -6.54496374e-02 1.56656510e-01)	(9.05776622e-05 -5.77819675e-02 1.00565874e-01)	(1.82498144e-04 -7.66766991e-03 5.60906361e-02)
74              	(2.69939528e-04 -6.89486221e-02 1.27452572e-01)	(8.97529801e-05 -6.14662377e-02 7.11075943e-02)	(1.80186548e-04 -7.48238443e-03 5.63449773e-02)
75              	(2.65629897e-04 -6.84982681e-02 9.88160767e-02)	(8.86278213e-05 -6.11866725e-02 4.24085618e-02)	(1.77002076e-04 -7.31159558e-03 5.64075149e-02)
76              	(2.60698117e-04 -7.10245021e-02 7.47760713e-02)	(8.73738275e-05 -6.38692892e-02 1.84827985e-02)	(1.73324289e-04 -7.15521291e-03 5.62932728e-02)
77              	(2.57790697e-04 -7.84890920e-02 5.75749405e-02)	(8.60776805e-05 -7.14934649e-02 1.57480021e-03)	(1.71713016e-04 -6.99562705e-03 5.60001403e-02)
78              	(2.55289338e-04 -8.92267799e-02 4.64060652e-02)	(8.48487392e-05 -8.23758724e-02 -9.13054661e-03)	(1.70440599e-04 -6.85090747e-03 5.55366119e-02)
79              	(2.50376321e-04 -9.28650713e-02 3.15925196e-02)	(8.38089230e-05 -8.61593658e-02 -2.33125604e-02)	(1.66567398e-04 -6.70570544e-03 5.49050800e-02)
80              	(2.44653282e-04 -9.34598875e-02 1.67500991e-02)	(8.31968687e-05 -8.69002466e-02 -3.73595256e-02)	(1.61456413e-04 -6.55964089e-03 5.41096247e-02)
81              	(2.38271534e-04 -9.68272166e-02 8.07803465e-03)	(8.28578430e-05 -9.04152854e-02 -4.50799778e-02)	(1.55413691e-04 -6.41193120e-03 5.31580124e-02)
82              	(2.30412497e-04 -1.00300376e-01 3.98456555e-03)	(8.26990188e-05 -9.40389427e-02 -4.80744521e-02)	(1.47713478e-04 -6.26143328e-03 5.20590176e-02)
83              	(2.23079498e-04 -1.04154853e-01 1.54830645e-03)	(8.26009029e-05 -9.80620065e-02 -4.92698844e-02)	(1.40478595e-04 -6.09284605e-03 5.08181908e-02)
84              	(2.15474274e-04 -1.10061040e-01 9.66577080e-04)	(8.26912682e-05 -1.04168165e-01 -4.84605166e-02)	(1.32783006e-04 -5.89287551e-03 4.94270937e-02)
85              	(2.09519721e-04 -1.17322471e-01 8.17280451e-04)	(8.28917558e-05 -1.11672888e-01 -4.70772255e-02)	(1.26627966e-04 -5.64958311e-03 4.78945060e-02)
86              	(2.04221993e-04 -1.24995936e-01 6.62840525e-04)	(8.31657625e-05 -1.19630596e-01 -4.55658839e-02)	(1.21056230e-04 -5.36534030e-03 4.62287244e-02)
87              	(2.00377714e-04 -1.36958629e-01 4.36701141e-03)	(8.34979982e-05 -1.31936129e-01 -4.00820927e-02)	(1.16879716e-04 -5.02250043e-03 4.44491041e-02)
88              	(1.97106055e-04 -1.55749474e-01 1.56920408e-02)	(8.38765618e-05 -1.51135421e-01 -2.68616359e-02)	(1.13229494e-04 -4.61405295e-03 4.25536767e-02)
89              	(1.93475527e-04 -1.84699650e-01 3.53220217e-02)	(8.44404063e-05 -1.80565039e-01 -5.22349795e-03)	(1.09035120e-04 -4.13461088e-03 4.05455196e-02)
90              	(1.89697421e-04 -2.18254300e-01 5.76013259e-02)	(8.51769596e-05 -2.14649062e-01 1.91298422e-02)	(1.04520462e-04 -3.60523824e-03 3.84714837e-02)
91              	(1.86099884e-04 -2.46147845e-01 7.55426436e-02)	(8.59352864e-05 -2.43103023e-01 3.91906077e-02)	(1.00164597e-04 -3.04482160e-03 3.63520359e-02)
92              	(1.82004697e-04 -2.72126802e-01 9.11865096e-02)	(8.66389508e-05 -2.69644302e-01 5.69630447e-02)	(9.53657457e-05 -2.48250037e-03 3.42234649e-02)
93              	(1.77309391e-04 -2.97297614e-01 1.05706062e-01)	(8.73046644e-05 -2.95362621e-01 7.35891585e-02)	(9.00047268e-05 -1.93499247e-03 3.21169040e-02)
94              	(1.72244170e-04 -3.25252407e-01 1.23873860e-01)	(8.81344271e-05 -3.23827087e-01 9.38106721e-02)	(8.41097427e-05 -1.42532015e-03 3.00631881e-02)
95              	(1.69105597e-04 -3.57040280e-01 1.45222768e-01)	(8.91425715e-05 -3.56066892e-01 1.17155639e-01)	(7.99630253e-05 -9.73388269e-04 2.80671296e-02)
96              	(1.65482647e-04 -3.89795177e-01 1.68443189e-01)	(9.02958390e-05 -3.89183829e-01 1.42278417e-01)	(7.51868077e-05 -6.11347670e-04 2.61647720e-02)
97              	(1.62154434e-04 -4.18835687e-01 1.87817911e-01)	(9.15246562e-05 -4.18527237e-01 1.63464400e-01)	(7.06297774e-05 -3.08449387e-04 2.43535115e-02)
98              	(1.59311310e-04 -4.49872457e-01 2.07029948e-01)	(9.29021938e-05 -4.49822291e-01 1.84395156e-01)	(6.64091163e-05 -5.01658045e-05 2.26347920e-02)
99              	(1.59649429e-04 -4.84401264e-01 2.25500187e-01)	(9.43784340e-05 -4.84564243e-01 2.04490454e-01)	(6.52709947e-05 1.62979007e-04 2.10097329e-02)
100             	(1.59554287e-04 -5.16308046e-01 2.42246201e-01)	(9.59695290e-05 -5.16641400e-01 2.22760202e-01)	(6.35847581e-05 3.33353654e-04 1.94859989e-02)
101             	(1.60725497e-04 -5.45493469e-01 2.56241032e-01)	(9.74537380e-05 -5.45982978e-01 2.38203960e-01)	(6.32717588e-05 4.89508790e-04 1.80370718e-02)
102             	(1.63866034e-04 -5.78641084e-01 2.70128198e-01)	(9.87304902e-05 -5.79246480e-01 2.53447461e-01)	(6.51355436e-05 6.05395826e-04 1.66807377e-02)
103             	(1.64243594e-04 -6.10557949e-01 2.80961689e-01)	(9.99171476e-05 -6.11259938e-01 2.65550035e-01)	(6.43264464e-05 7.01989588e-04 1.54116545e-02)
104             	(1.66281973e-04 -6.46222931e-01 2.91942093e-01)	(1.00938798e-04 -6.47017759e-01 2.77721276e-01)	(6.53431757e-05 7.94827962e-04 1.42208172e-02)
105             	(1.70999055e-04 -6.85561866e-01 3.04611224e-01)	(1.01937889e-04 -6.86482230e-01 2.91523989e-01)	(6.90611659e-05 9.20363115e-04 1.30872349e-02)
106             	(1.74583551e-04 -7.26523103e-01 3.21128210e-01)	(1.02908881e-04 -7.27584802e-01 3.09108710e-01)	(7.16746705e-05 1.06169888e-03 1.20195004e-02)
107             	(1.77695499e-04 -7.62941000e-01 3.34491567e-01)	(1.04038844e-04 -7.64068790e-01 3.23418788e-01)	(7.36566553e-05 1.12778983e-03 1.10727785e-02)
108             	(1.78518861e-04 -7.91284800e-01 3.45721978e-01)	(1.05329201e-04 -7.92466962e-01 3.35512140e-01)	(7.31896596e-05 1.18216256e-03 1.02098377e-02)
109             	(1.80693155e-04 -8.23035525e-01 3.58105986e-01)	(1.06808096e-04 -8.24216611e-01 3.48691714e-01)	(7.38850599e-05 1.18108585e-03 9.41427201e-03)
110             	(1.82280311e-04 -8.64448489e-01 3.72031440e-01)	(1.08266242e-04 -8.65642058e-01 3.63335542e-01)	(7.40140691e-05 1.19356940e-03 8.69589842e-03)
111             	(1.82789520e-04 -9.07685516e-01 3.87244312e-01)	(1.09595138e-04 -9.08859291e-01 3.79175089e-01)	(7.31943824e-05 1.17377559e-03 8.06922311e-03)
112             	(1.83079854e-04 -9.47088154e-01 4.03333662e-01)	(1.10734166e-04 -9.48191021e-01 3.95811924e-01)	(7.23456876e-05 1.10286705e-03 7.52173759e-03)
113             	(1.84607047e-04 -9.79470138e-01 4.22690189e-01)	(1.11612406e-04 -9.80461622e-01 4.15651233e-01)	(7.29946415e-05 9.91483368e-04 7.03895621e-03)
114             	(1.83539818e-04 -1.02193475e+00 4.47983179e-01)	(1.12298991e-04 -1.02281173e+00 4.41366808e-01)	(7.12408271e-05 8.76984419e-04 6.61637124e-03)
115             	(1.84335858e-04 -1.07360738e+00 4.80327809e-01)	(1.12939371e-04 -1.07436454e+00 4.74087531e-01)	(7.13964870e-05 7.57162386e-04 6.24027833e-03)
116             	(1.85102405e-04 -1.13376973e+00 5.15517467e-01)	(1.13693529e-04 -1.13438039e+00 5.09603092e-01)	(7.14088767e-05 6.10655498e-04 5.91437550e-03)
117             	(1.87127686e-04 -1.20981298e+00 5.58891501e-01)	(1.14699835e-04 -1.21026831e+00 5.53260844e-01)	(7.24278506e-05 4.55329039e-04 5.63065664e-03)
118             	(1.88527850e-04 -1.29620956e+00 6.10351887e-01)	(1.15676079e-04 -1.29652202e+00 6.04976581e-01)	(7.28517716e-05 3.12454797e-04 5.37530604e-03)
119             	(1.89158511e-04 -1.40459600e+00 6.72724122e-01)	(1.16453468e-04 -1.40476100e+00 6.67570201e-01)	(7.27050428e-05 1.65005738e-04 5.15392118e-03)
120             	(1.90740784e-04 -1.52457080e+00 7.42687918e-01)	(1.17169865e-04 -1.52457018e+00 7.37742901e-01)	(7.35709194e-05 -6.22606285e-07 4.94501620e-03)
121             	(1.93996146e-04 -1.65733059e+00 8.17862667e-01)	(1.18029907e-04 -1.65715773e+00 8.13081353e-01)	(7.59662398e-05 -1.72857848e-04 4.78131366e-03)
122             	(1.95151265e-04 -1.79055561e+00 8.87338578e-01)	(1.18862126e-04 -1.79020864e+00 8.82676131e-01)	(7.62891385e-05 -3.46971671e-04 4.66244671e-03)
123             	(1.96251186e-04 -1.91480101e+00 9.48752798e-01)	(1.19691089e-04 -1.91426405e+00 9.44209056e-01)	(7.65600963e-05 -5.36960682e-04 4.54374157e-03)
124             	(1.98746723e-04 -2.03050991e+00 1.00955496e+00)	(1.20508268e-04 -2.02976935e+00 1.00511098e+00)	(7.82384555e-05 -7.40564648e-04 4.44398167e-03)
125             	(1.99290008e-04 -2.15011233e+00 1.07529653e+00)	(1.21286866e-04 -2.14917326e+00 1.07092830e+00)	(7.80031425e-05 -9.39066051e-04 4.36822820e-03)
126             	(2.00794266e-04 -2.26343240e+00 1.14004655e+00)	(1.21934458e-04 -2.26230424e+00 1.13573773e+00)	(7.88598081e-05 -1.12816356e-03 4.30882752e-03)
127             	(2.01036714e-04 -2.37490104e+00 1.20532871e+00)	(1.22423550e-04 -2.37358850e+00 1.20106062e+00)	(7.86131639e-05 -1.31253767e-03 4.26808307e-03)
128             	(1.99826281e-04 -2.48671377e+00 1.26942010e+00)	(1.22663558e-04 -2.48523140e+00 1.26518114e+00)	(7.71627228e-05 -1.48236537e-03 4.23895734e-03)
129             	(2.00470575e-04 -2.59609320e+00 1.33082492e+00)	(1.22747174e-04 -2.59446162e+00 1.32660788e+00)	(7.77234007e-05 -1.63158087e-03 4.21703688e-03)
130             	(1.99332209e-04 -2.70675670e+00 1.39048915e+00)	(1.22701717e-04 -2.70500622e+00 1.38629359e+00)	(7.66304918e-05 -1.75048098e-03 4.19556007e-03)
131             	(1.98176913e-04 -2.81108760e+00 1.44711554e+00)	(1.22644948e-04 -2.80924304e+00 1.44293986e+00)	(7.55319648e-05 -1.84455148e-03 4.17567743e-03)
132             	(1.97022571e-04 -2.91043214e+00 1.50095888e+00)	(1.22569830e-04 -2.90851290e+00 1.49680572e+00)	(7.44527404e-05 -1.91924309e-03 4.15315414e-03)
133             	(1.96810051e-04 -3.01347646e+00 1.55611955e+00)	(1.22516352e-04 -3.01148673e+00 1.55196863e+00)	(7.42936990e-05 -1.98973222e-03 4.15091829e-03)
134             	(1.93938410e-04 -3.12381387e+00 1.61694528e+00)	(1.22380597e-04 -3.12174097e+00 1.61279486e+00)	(7.15578132e-05 -2.07289877e-03 4.15041387e-03)
135             	(1.90787755e-04 -3.24404516e+00 1.68276780e+00)	(1.22153965e-04 -3.24190927e+00 1.67862128e+00)	(6.86337900e-05 -2.13588649e-03 4.14652359e-03)
136             	(1.87463030e-04 -3.37416523e+00 1.75329435e+00)	(1.21864603e-04 -3.37200123e+00 1.74915280e+00)	(6.55984273e-05 -2.16399562e-03 4.14155037e-03)
137             	(1.83294395e-04 -3.50676159e+00 1.82535909e+00)	(1.21543449e-04 -3.50460233e+00 1.82122719e+00)	(6.17509463e-05 -2.15925542e-03 4.13189693e-03)
138             	(1.78871005e-04 -3.63708912e+00 1.89725119e+00)	(1.21220225e-04 -3.63495478e+00 1.89312959e+00)	(5.76507806e-05 -2.13434903e-03 4.12160536e-03)
139             	(1.74614235e-04 -3.76779515e+00 1.96796688e+00)	(1.20870351e-04 -3.76571003e+00 1.96385352e+00)	(5.37438838e-05 -2.08512258e-03 4.11336119e-03)
140             	(1.70190319e-04 -3.90348170e+00 2.03900994e+00)	(1.20432590e-04 -3.90146750e+00 2.03490952e+00)	(4.97577283e-05 -2.01419192e-03 4.10041734e-03)
141             	(1.63624133e-04 -4.04693794e+00 2.11377386e+00)	(1.19834023e-04 -4.04501997e+00 2.10968734e+00)	(4.37901096e-05 -1.91797088e-03 4.08652302e-03)
142             	(1.55697034e-04 -4.20073561e+00 2.19502322e+00)	(1.19100664e-04 -4.19893636e+00 2.19097227e+00)	(3.65963695e-05 -1.79924377e-03 4.05095472e-03)
143             	(1.49706430e-04 -4.36419193e+00 2.28249508e+00)	(1.18311717e-04 -4.36253941e+00 2.27849385e+00)	(3.13947130e-05 -1.65251939e-03 4.00122796e-03)
144             	(1.45641703e-04 -4.53473829e+00 2.37264066e+00)	(1.17589011e-04 -4.53324823e+00 2.36870292e+00)	(2.80526927e-05 -1.49006161e-03 3.93774103e-03)
145             	(1.41134961e-04 -4.71023495e+00 2.46410791e+00)	(1.17148709e-04 -4.70893729e+00 2.46025621e+00)	(2.39862514e-05 -1.29766424e-03 3.85169747e-03)
146             	(1.36370061e-04 -4.88869546e+00 2.55662473e+00)	(1.17060904e-04 -4.88762449e+00 2.55288335e+00)	(1.93091573e-05 -1.07097374e-03 3.74138106e-03)
147             	(1.30798901e-04 -5.06969020e+00 2.65114994e+00)	(1.17193052e-04 -5.06886947e+00 2.64753926e+00)	(1.36058484e-05 -8.20734388e-04 3.61068456e-03)
148             	(1.25376197e-04 -5.25530270e+00 2.74881323e+00)	(1.17285173e-04 -5.25476149e+00 2.74534905e+00)	(8.09102461e-06 -5.41209583e-04 3.46418599e-03)
149             	(1.19805590e-04 -5.44922808e+00 2.85075487e+00)	(1.17297263e-04 -5.44899123e+00 2.84746053e+00)	(2.50832654e-06 -2.36849989e-04 3.29434887e-03)
150             	(1.15735442e-04 -5.65430645e+00 2.95729008e+00)	(1.17319374e-04 -5.65439579e+00 2.95418749e+00)	(-1.58393228e-06 8.93335561e-05 3.10258360e-03)
151             	(1.10738096e-04 -5.87125869e+00 3.06726939e+00)	(1.17370730e-04 -5.87170060e+00 3.06438704e+00)	(-6.63263370e-06 4.41912901e-04 2.88235451e-03)
152             	(1.07733545e-04 -6.09783147e+00 3.18020166e+00)	(1.17507771e-04 -6.09864055e+00 3.17756882e+00)	(-9.77422588e-06 8.09078114e-04 2.63283910e-03)
153             	(1.05520159e-04 -6.33092485e+00 3.29609457e+00)	(1.17760948e-04 -6.33210856e+00 3.29373486e+00)	(-1.22407893e-05 1.18371405e-03 2.35971253e-03)
154             	(1.01195804e-04 -6.57002426e+00 3.41586237e+00)	(1.18073185e-04 -6.57158479e+00 3.41380450e+00)	(-1.68773802e-05 1.56052759e-03 2.05786569e-03)
155             	(9.62549903e-05 -6.81805997e+00 3.53953015e+00)	(1.18423933e-04 -6.82000621e+00 3.53779857e+00)	(-2.21689424e-05 1.94624364e-03 1.73157824e-03)
156             	(9.25692373e-05 -7.07895525e+00 3.66863314e+00)	(1.18870305e-04 -7.08128645e+00 3.66725116e+00)	(-2.63010677e-05 2.33119818e-03 1.38197599e-03)
157             	(9.24743166e-05 -7.35494346e+00 3.80427416e+00)	(1.19394548e-04 -7.35766093e+00 3.80326145e+00)	(-2.69202315e-05 2.71746866e-03 1.01270762e-03)
158             	(9.44921495e-05 -7.64463898e+00 3.94764307e+00)	(1.19990392e-04 -7.64774103e+00 3.94700993e+00)	(-2.54982420e-05 3.10205036e-03 6.33146262e-04)
159             	(9.67012108e-05 -7.94699194e+00 4.09769738e+00)	(1.20646922e-04 -7.95046900e+00 4.09745310e+00)	(-2.39457112e-05 3.47706054e-03 2.44285732e-04)
160             	(9.88782004e-05 -8.26248543e+00 4.25390928e+00)	(1.21350705e-04 -8.26632759e+00 4.25406831e+00)	(-2.24725048e-05 3.84216948e-03 -1.59034399e-04)
161             	(1.00970615e-04 -8.59308161e+00 4.41644490e+00)	(1.22050723e-04 -8.59728028e+00 4.41702504e+00)	(-2.10801079e-05 4.19866554e-03 -5.80140980e-04)
162             	(1.02584426e-04 -8.94152833e+00 4.58635025e+00)	(1.22715122e-04 -8.94607568e+00 4.58737231e+00)	(-2.01306953e-05 4.54735666e-03 -1.02205871e-03)
163             	(1.03450050e-04 -9.30867856e+00 4.76363277e+00)	(1.23275148e-04 -9.31356502e+00 4.76511831e+00)	(-1.98250976e-05 4.88645580e-03 -1.48554597e-03)
164             	(1.04774452e-04 -9.69312684e+00 4.94865683e+00)	(1.23693195e-04 -9.69833866e+00 4.95062073e+00)	(-1.89187428e-05 5.21181559e-03 -1.96390166e-03)
165             	(1.06497538e-04 -1.00936493e+01 5.14418898e+00)	(1.24003192e-04 -1.00991656e+01 5.14664149e+00)	(-1.75056537e-05 5.51624730e-03 -2.45250650e-03)
166             	(1.08911772e-04 -1.05106398e+01 5.34989038e+00)	(1.24150586e-04 -1.05164374e+01 5.35283678e+00)	(-1.52388132e-05 5.79758871e-03 -2.94640169e-03)
167             	(1.11586845e-04 -1.09447126e+01 5.56257181e+00)	(1.24182602e-04 -1.09507706e+01 5.56601741e+00)	(-1.25957572e-05 6.05793559e-03 -3.44560030e-03)
168             	(1.13347678e-04 -1.13947793e+01 5.78129172e+00)	(1.24175087e-04 -1.14010746e+01 5.78524242e+00)	(-1.08274094e-05 6.29532871e-03 -3.95070059e-03)
169             	(1.14353544e-04 -1.18586046e+01 6.00765671e+00)	(1.24111251e-04 -1.18651192e+01 6.01212045e+00)	(-9.75770700e-06 6.51460898e-03 -4.46374484e-03)
170             	(1.14695602e-04 -1.23347477e+01 6.24330827e+00)	(1.24012400e-04 -1.23414642e+01 6.24829252e+00)	(-9.31679770e-06 6.71644784e-03 -4.98425523e-03)
171             	(1.14150430e-04 -1.28233028e+01 6.48776057e+00)	(1.23856713e-04 -1.28302062e+01 6.49327121e+00)	(-9.70628287e-06 6.90345216e-03 -5.51063184e-03)
172             	(1.11997547e-04 -1.33275849e+01 6.74008328e+00)	(1.23624597e-04 -1.33346612e+01 6.74612360e+00)	(-1.16270501e-05 7.07627864e-03 -6.04031944e-03)
173             	(1.09431903e-04 -1.38497941e+01 7.00036363e+00)	(1.23380001e-04 -1.38570267e+01 7.00693463e+00)	(-1.39480985e-05 7.23255475e-03 -6.57100290e-03)
174             	(1.08062279e-04 -1.43911967e+01 7.26842210e+00)	(1.23078166e-04 -1.43985729e+01 7.27551653e+00)	(-1.50158863e-05 7.37625195e-03 -7.09443105e-03)
175             	(1.08083738e-04 -1.49516906e+01 7.54412031e+00)	(1.22716088e-04 -1.49591916e+01 7.55172707e+00)	(-1.46323495e-05 7.50094536e-03 -7.60676760e-03)
176             	(1.10186672e-04 -1.55294495e+01 7.82806658e+00)	(1.22255579e-04 -1.55370578e+01 7.83617230e+00)	(-1.20689072e-05 7.60831285e-03 -8.10571704e-03)
177             	(1.14274138e-04 -1.61223050e+01 8.12008948e+00)	(1.21714820e-04 -1.61300032e+01 8.12867462e+00)	(-7.44068180e-06 7.69825002e-03 -8.58513336e-03)
178             	(1.19845962e-04 -1.67279006e+01 8.41971230e+00)	(1.21237060e-04 -1.67356617e+01 8.42875491e+00)	(-1.39109854e-06 7.76107150e-03 -9.04261267e-03)
179             	(1.26239266e-04 -1.73453126e+01 8.72782037e+00)	(1.20870948e-04 -1.73531107e+01 8.73729986e+00)	(5.36831813e-06 7.79812707e-03 -9.47948513e-03)
180             	(1.32095464e-04 -1.79754116e+01 9.04567840e+00)	(1.20582704e-04 -1.79832257e+01 9.05556526e+00)	(1.15127601e-05 7.81413423e-03 -9.88685388e-03)
181             	(1.38362013e-04 -1.86210671e+01 9.37428578e+00)	(1.20362884e-04 -1.86288678e+01 9.38455353e+00)	(1.79991290e-05 7.80065390e-03 -1.02677534e-02)
182             	(1.45886812e-04 -1.92844458e+01 9.71472486e+00)	(1.20214205e-04 -1.92921966e+01 9.72534599e+00)	(2.56726064e-05 7.75072648e-03 -1.06211391e-02)
183             	(1.53343812e-04 -1.99663128e+01 1.00678045e+01)	(1.20127461e-04 -1.99739724e+01 1.00787466e+01)	(3.32163513e-05 7.65965364e-03 -1.09421072e-02)
184             	(1.58422752e-04 -2.06659693e+01 1.04331747e+01)	(1.20078043e-04 -2.06734950e+01 1.04444037e+01)	(3.83447094e-05 7.52564611e-03 -1.12290216e-02)
185             	(1.62482695e-04 -2.13822183e+01 1.08098990e+01)	(1.20027523e-04 -2.13895627e+01 1.08213804e+01)	(4.24551711e-05 7.34445864e-03 -1.14814019e-02)
186             	(1.66375261e-04 -2.21142249e+01 1.11975591e+01)	(1.19994122e-04 -2.21213353e+01 1.12092549e+01)	(4.63811381e-05 7.11036202e-03 -1.16958342e-02)
187             	(1.70851350e-04 -2.28624572e+01 1.15952303e+01)	(1.20073168e-04 -2.28692714e+01 1.16071015e+01)	(5.07781821e-05 6.81417259e-03 -1.18712202e-02)
188             	(1.74978203e-04 -2.36280136e+01 1.20030224e+01)	(1.20257607e-04 -2.36344652e+01 1.20150306e+01)	(5.47205959e-05 6.45159462e-03 -1.20081859e-02)
189             	(1.77118170e-04 -2.44121388e+01 1.24212879e+01)	(1.20530868e-04 -2.44181666e+01 1.24333882e+01)	(5.65873022e-05 6.02788017e-03 -1.21003652e-02)
190             	(1.77641858e-04 -2.52151711e+01 1.28510302e+01)	(1.20856774e-04 -2.52207169e+01 1.28631798e+01)	(5.67850848e-05 5.54576623e-03 -1.21495878e-02)
191             	(1.77845211e-04 -2.60349523e+01 1.32912068e+01)	(1.21214256e-04 -2.60399462e+01 1.33033660e+01)	(5.66309544e-05 4.99394869e-03 -1.21591844e-02)
192             	(1.78600582e-04 -2.68695101e+01 1.37403129e+01)	(1.21568710e-04 -2.68738914e+01 1.37524439e+01)	(5.70318720e-05 4.38130630e-03 -1.21310190e-02)
193             	(1.79478557e-04 -2.77182564e+01 1.41976340e+01)	(1.21933535e-04 -2.77219714e+01 1.42097026e+01)	(5.75450224e-05 3.71498725e-03 -1.20685282e-02)
194             	(1.80387794e-04 -2.85808146e+01 1.46626247e+01)	(1.22296697e-04 -2.85838134e+01 1.46745984e+01)	(5.80910968e-05 2.99875958e-03 -1.19737653e-02)
195             	(1.82136932e-04 -2.94576214e+01 1.51347335e+01)	(1.22660929e-04 -2.94598562e+01 1.51465784e+01)	(5.94760028e-05 2.23475920e-03 -1.18449190e-02)
196             	(1.85192381e-04 -3.03478887e+01 1.56135662e+01)	(1.22964252e-04 -3.03493130e+01 1.56252525e+01)	(6.22281283e-05 1.42428442e-03 -1.16863085e-02)
197             	(1.89024671e-04 -3.12505093e+01 1.60986105e+01)	(1.23108372e-04 -3.12510837e+01 1.61101100e+01)	(6.59162987e-05 5.74484798e-04 -1.14994993e-02)
198             	(1.94107391e-04 -3.21627479e+01 1.65883651e+01)	(1.23075233e-04 -3.21624395e+01 1.65996550e+01)	(7.10321580e-05 -3.08399666e-04 -1.12898997e-02)
199             	(1.99749361e-04 -3.30830241e+01 1.70814416e+01)	(1.22938395e-04 -3.30818041e+01 1.70925034e+01)	(7.68109653e-05 -1.22000474e-03 -1.10617930e-02)
200             	(2.05270915e-04 -3.40101719e+01 1.75768809e+01)	(1.22728053e-04 -3.40080132e+01 1.75876920e+01)	(8.25428623e-05 -2.15863588e-03 -1.08111338e-02)
201             	(2.10763314e-04 -3.49433940e+01 1.80743513e+01)	(1.22456126e-04 -3.49402766e+01 1.80848934e+01)	(8.83071874e-05 -3.11734386e-03 -1.05421160e-02)
202             	(2.15770686e-04 -3.58813714e+01 1.85733393e+01)	(1.22100920e-04 -3.58772841e+01 1.85835991e+01)	(9.36697663e-05 -4.08732531e-03 -1.02598466e-02)
203             	(2.20808727e-04 -3.68226296e+01 1.90723848e+01)	(1.21643102e-04 -3.68175686e+01 1.90823468e+01)	(9.91656258e-05 -5.06105917e-03 -9.96195289e-03)
204             	(2.26206687e-04 -3.77645437e+01 1.95698287e+01)	(1.21075311e-04 -3.77585118e+01 1.95794829e+01)	(1.05131376e-04 -6.03195173e-03 -9.65419827e-03)
205             	(2.32354246e-04 -3.87043974e+01 2.00640184e+01)	(1.20358271e-04 -3.86974019e+01 2.00733576e+01)	(1.11995975e-04 -6.99552196e-03 -9.33921473e-03)
206             	(2.40002413e-04 -3.96401482e+01 2.05543309e+01)	(1.19464432e-04 -3.96322011e+01 2.05633497e+01)	(1.20537981e-04 -7.94710040e-03 -9.01884107e-03)
207             	(2.48555147e-04 -4.05710128e+01 2.10401506e+01)	(1.18372889e-04 -4.05621309e+01 2.10488455e+01)	(1.30182258e-04 -8.88196881e-03 -8.69492327e-03)
208             	(2.57611429e-04 -4.14956480e+01 2.15204524e+01)	(1.17121344e-04 -4.14858484e+01 2.15288197e+01)	(1.40490085e-04 -9.79951610e-03 -8.36732250e-03)
209             	(2.67872794e-04 -4.24117052e+01 2.19936585e+01)	(1.15717517e-04 -4.24010103e+01 2.20016975e+01)	(1.52155277e-04 -1.06949147e-02 -8.03897137e-03)
210             	(2.78017139e-04 -4.33168381e+01 2.24585600e+01)	(1.14176081e-04 -4.33052747e+01 2.24662703e+01)	(1.63841058e-04 -1.15634218e-02 -7.71029255e-03)
211             	(2.87966735e-04 -4.42081640e+01 2.29150348e+01)	(1.12488853e-04 -4.41957677e+01 2.29224189e+01)	(1.75477882e-04 -1.23962268e-02 -7.38403066e-03)
212             	(2.98595888e-04 -4.50844314e+01 2.33625213e+01)	(1.10748589e-04 -4.50712448e+01 2.33695870e+01)	(1.87847300e-04 -1.31865497e-02 -7.06576564e-03)
213             	(3.09291877e-04 -4.59437354e+01 2.37996702e+01)	(1.09080775e-04 -4.59298046e+01 2.38064277e+01)	(2.00211102e-04 -1.39307739e-02 -6.75753655e-03)
214             	(3.18111310e-04 -4.67838899e+01 2.42258322e+01)	(1.07433006e-04 -4.67692639e+01 2.42322894e+01)	(2.10678305e-04 -1.46260483e-02 -6.45716778e-03)
215             	(3.27427035e-04 -4.76026021e+01 2.46406825e+01)	(1.05727127e-04 -4.75873248e+01 2.46468440e+01)	(2.21699908e-04 -1.52772300e-02 -6.16150596e-03)
216             	(3.36574624e-04 -4.83959560e+01 2.50433595e+01)	(1.03949958e-04 -4.83800838e+01 2.50492310e+01)	(2.32624666e-04 -1.58722835e-02 -5.87152318e-03)
217             	(3.46487208e-04 -4.91615892e+01 2.54331028e+01)	(1.02046592e-04 -4.91451805e+01 2.54386929e+01)	(2.44440616e-04 -1.64086867e-02 -5.59007319e-03)
218             	(3.57730536e-04 -4.98993386e+01 2.58093350e+01)	(9.99394738e-05 -4.98824642e+01 2.58146512e+01)	(2.57791062e-04 -1.68743638e-02 -5.31619370e-03)
219             	(3.70460733e-04 -5.06095914e+01 2.61719777e+01)	(9.76417476e-05 -5.05923281e+01 2.61770348e+01)	(2.72818986e-04 -1.72632768e-02 -5.05712112e-03)
220             	(3.84844200e-04 -5.12911116e+01 2.65200047e+01)	(9.52189526e-05 -5.12735428e+01 2.65248190e+01)	(2.89625247e-04 -1.75687780e-02 -4.81425973e-03)
221             	(3.99635246e-04 -5.19413515e+01 2.68523062e+01)	(9.26744829e-05 -5.19235625e+01 2.68568869e+01)	(3.06960763e-04 -1.77889778e-02 -4.58071179e-03)
222             	(4.13696192e-04 -5.25570579e+01 2.71685770e+01)	(8.99285806e-05 -5.25391447e+01 2.71729450e+01)	(3.23767611e-04 -1.79132220e-02 -4.36797911e-03)
223             	(4.27639249e-04 -5.31363386e+01 2.74684293e+01)	(8.69828921e-05 -5.31184013e+01 2.74726098e+01)	(3.40656357e-04 -1.79372575e-02 -4.18048013e-03)
224             	(4.43166031e-04 -5.36772871e+01 2.77517702e+01)	(8.38584521e-05 -5.36594255e+01 2.77557940e+01)	(3.59307579e-04 -1.78615985e-02 -4.02383304e-03)
225             	(4.61223142e-04 -5.41784109e+01 2.80182661e+01)	(8.06606064e-05 -5.41607305e+01 2.80221730e+01)	(3.80562536e-04 -1.76803372e-02 -3.90690096e-03)
226             	(4.82520823e-04 -5.46388577e+01 2.82674417e+01)	(7.75879072e-05 -5.46214651e+01 2.82712672e+01)	(4.04932916e-04 -1.73925732e-02 -3.82552545e-03)
227             	(5.06367295e-04 -5.50567377e+01 2.84984603e+01)	(7.47848010e-05 -5.50397387e+01 2.85022505e+01)	(4.31582494e-04 -1.69989878e-02 -3.79024428e-03)
228             	(5.31237849e-04 -5.54297211e+01 2.87098051e+01)	(7.23045925e-05 -5.54132199e+01 2.87136108e+01)	(4.58933256e-04 -1.65012803e-02 -3.80575574e-03)
229             	(5.56981827e-04 -5.57546579e+01 2.89001642e+01)	(7.01421577e-05 -5.57387593e+01 2.89040374e+01)	(4.86839669e-04 -1.58985791e-02 -3.87326269e-03)
230             	(5.81898564e-04 -5.60306480e+01 2.90689973e+01)	(6.82653102e-05 -5.60154563e+01 2.90729837e+01)	(5.13633254e-04 -1.51916479e-02 -3.98639445e-03)
231             	(6.05242953e-04 -5.62577973e+01 2.92165921e+01)	(6.66622825e-05 -5.62434258e+01 2.92207438e+01)	(5.38580670e-04 -1.43715309e-02 -4.15165183e-03)
232             	(6.27867384e-04 -5.64373421e+01 2.93436433e+01)	(6.54200523e-05 -5.64239068e+01 2.93480163e+01)	(5.62447332e-04 -1.34352571e-02 -4.37297791e-03)
233             	(6.51156253e-04 -5.65710350e+01 2.94505401e+01)	(6.46021896e-05 -5.65586489e+01 2.94551934e+01)	(5.86554063e-04 -1.23860358e-02 -4.65325455e-03)
234             	(6.75480137e-04 -5.66586900e+01 2.95370932e+01)	(6.41824289e-05 -5.66474610e+01 2.95420860e+01)	(6.11297708e-04 -1.12289676e-02 -4.99280165e-03)
235             	(7.00001054e-04 -5.66976992e+01 2.96018019e+01)	(6.40504665e-05 -5.66877273e+01 2.96071887e+01)	(6.35950587e-04 -9.97189038e-03 -5.38675353e-03)
236             	(7.23958854e-04 -5.66867890e+01 2.96432471e+01)	(6.41710544e-05 -5.66781668e+01 2.96490742e+01)	(6.59787799e-04 -8.62216246e-03 -5.82701485e-03)
237             	(7.49500365e-04 -5.66275898e+01 2.96615950e+01)	(6.45489083e-05 -5.66204097e+01 2.96679135e+01)	(6.84951456e-04 -7.18011975e-03 -6.31846954e-03)
238             	(7.77015299e-04 -5.65215576e+01 2.96583126e+01)	(6.52530062e-05 -5.65158998e+01 2.96651665e+01)	(7.11762293e-04 -5.65781357e-03 -6.85394583e-03)
239             	(8.03267367e-04 -5.63713972e+01 2.96333260e+01)	(6.62393031e-05 -5.63673265e+01 2.96407497e+01)	(7.37028064e-04 -4.07071544e-03 -7.42378096e-03)
240             	(8.27238230e-04 -5.61784585e+01 2.95873096e+01)	(6.74029993e-05 -5.61760304e+01 2.95953290e+01)	(7.59835231e-04 -2.42811356e-03 -8.01947795e-03)
241             	(8.49404344e-04 -5.59457812e+01 2.95210124e+01)	(6.86481463e-05 -5.59450375e+01 2.95296480e+01)	(7.80756197e-04 -7.43786741e-04 -8.63557937e-03)
242             	(8.71217371e-04 -5.56753907e+01 2.94345923e+01)	(6.99317891e-05 -5.56763753e+01 2.94438597e+01)	(8.01285582e-04 9.84592953e-04 -9.26744917e-03)
243             	(8.93786916e-04 -5.53698643e+01 2.93288046e+01)	(7.12124406e-05 -5.53726191e+01 2.93387138e+01)	(8.22574475e-04 2.75478305e-03 -9.90913789e-03)
244             	(9.17851804e-04 -5.50324682e+01 2.92050527e+01)	(7.23914144e-05 -5.50370188e+01 2.92156150e+01)	(8.45460390e-04 4.55050476e-03 -1.05623067e-02)
245             	(9.44161431e-04 -5.46657343e+01 2.90653158e+01)	(7.34156390e-05 -5.46720910e+01 2.90765434e+01)	(8.70745792e-04 6.35670435e-03 -1.12276237e-02)
246             	(9.72134501e-04 -5.42729662e+01 2.89105617e+01)	(7.42441120e-05 -5.42811237e+01 2.89224642e+01)	(8.97890389e-04 8.15747065e-03 -1.19024687e-02)
247             	(1.00197154e-03 -5.38579055e+01 2.87422698e+01)	(7.48033473e-05 -5.38678492e+01 2.87548482e+01)	(9.27168192e-04 9.94374001e-03 -1.25784299e-02)
248             	(1.03666106e-03 -5.34232419e+01 2.85615268e+01)	(7.50517010e-05 -5.34349388e+01 2.85747748e+01)	(9.61609355e-04 1.16969432e-02 -1.32479509e-02)
249             	(1.07617648e-03 -5.29709007e+01 2.83691525e+01)	(7.49744683e-05 -5.29843023e+01 2.83830641e+01)	(1.00120201e-03 1.34015774e-02 -1.39116749e-02)
250             	(1.11968880e-03 -5.25024643e+01 2.81661000e+01)	(7.46894774e-05 -5.25175187e+01 2.81806655e+01)	(1.04499932e-03 1.50544340e-02 -1.45654990e-02)
251             	(1.16883780e-03 -5.20196307e+01 2.79535015e+01)	(7.42562900e-05 -5.20362843e+01 2.79687053e+01)	(1.09458151e-03 1.66535826e-02 -1.52038466e-02)
252             	(1.22324997e-03 -5.15244332e+01 2.77322539e+01)	(7.37503670e-05 -5.15426307e+01 2.77480811e+01)	(1.14949960e-03 1.81975107e-02 -1.58271432e-02)
253             	(1.28198242e-03 -5.10190573e+01 2.75033202e+01)	(7.31698639e-05 -5.10387438e+01 2.75197562e+01)	(1.20881256e-03 1.96865369e-02 -1.64360408e-02)
254             	(1.34431993e-03 -5.05059139e+01 2.72677923e+01)	(7.25978461e-05 -5.05270298e+01 2.72848194e+01)	(1.27172208e-03 2.11159306e-02 -1.70270206e-02)
255             	(1.40872112e-03 -4.99862840e+01 2.70268315e+01)	(7.19969226e-05 -5.00087683e+01 2.70444312e+01)	(1.33672420e-03 2.24842646e-02 -1.75996856e-02)
256             	(1.47425227e-03 -4.94614371e+01 2.67813403e+01)	(7.13995077e-05 -4.94852286e+01 2.67994898e+01)	(1.40285276e-03 2.37915691e-02 -1.81494449e-02)
257             	(1.54085633e-03 -4.89324280e+01 2.65323861e+01)	(7.07507621e-05 -4.89574688e+01 2.65510616e+01)	(1.47010557e-03 2.50408163e-02 -1.86754127e-02)
258             	(1.60790534e-03 -4.84005573e+01 2.62813707e+01)	(7.00744251e-05 -4.84267945e+01 2.63005513e+01)	(1.53783092e-03 2.62371565e-02 -1.91806543e-02)
259             	(1.67486806e-03 -4.78677557e+01 2.60287143e+01)	(6.94635342e-05 -4.78951435e+01 2.60483826e+01)	(1.60540453e-03 2.73878502e-02 -1.96683108e-02)
260             	(1.74026267e-03 -4.73357314e+01 2.57755887e+01)	(6.89125247e-05 -4.73642270e+01 2.57957204e+01)	(1.67135015e-03 2.84956092e-02 -2.01316947e-02)
261             	(1.80360080e-03 -4.68053710e+01 2.55228029e+01)	(6.84843107e-05 -4.68349364e+01 2.55433694e+01)	(1.73511648e-03 2.95653499e-02 -2.05665528e-02)
262             	(1.86516519e-03 -4.62773479e+01 2.52711284e+01)	(6.82485064e-05 -4.63079486e+01 2.52921036e+01)	(1.79691668e-03 3.06006841e-02 -2.09751289e-02)
263             	(1.92518330e-03 -4.57529837e+01 2.50215844e+01)	(6.82330828e-05 -4.57845886e+01 2.50429386e+01)	(1.85695022e-03 3.16049015e-02 -2.13541238e-02)
264             	(1.98339058e-03 -4.52333191e+01 2.47753754e+01)	(6.85004867e-05 -4.52658961e+01 2.47970795e+01)	(1.91489009e-03 3.25770324e-02 -2.17041109e-02)
265             	(2.03866554e-03 -4.47196448e+01 2.45338087e+01)	(6.90336947e-05 -4.47531648e+01 2.45558311e+01)	(1.96963184e-03 3.35200379e-02 -2.20223706e-02)
266             	(2.08978105e-03 -4.42129347e+01 2.42977276e+01)	(6.97774980e-05 -4.42473722e+01 2.43200339e+01)	(2.02000355e-03 3.44374606e-02 -2.23063159e-02)
267             	(2.13727828e-03 -4.37133306e+01 2.40664286e+01)	(7.06167199e-05 -4.37486607e+01 2.40889815e+01)	(2.06666156e-03 3.53301722e-02 -2.25529662e-02)
268             	(2.18213388e-03 -4.32202560e+01 2.38392697e+01)	(7.13868186e-05 -4.32564487e+01 2.38620302e+01)	(2.11074706e-03 3.61927332e-02 -2.27604720e-02)
269             	(2.22481390e-03 -4.27339997e+01 2.36160679e+01)	(7.20413704e-05 -4.27710148e+01 2.36389953e+01)	(2.15277253e-03 3.70150785e-02 -2.29274635e-02)
270             	(2.26523797e-03 -4.22547042e+01 2.33974449e+01)	(7.26152772e-05 -4.22924979e+01 2.34205015e+01)	(2.19262270e-03 3.77937067e-02 -2.30566207e-02)
271             	(2.30271210e-03 -4.17830050e+01 2.31839875e+01)	(7.31641165e-05 -4.18215287e+01 2.32071392e+01)	(2.22954798e-03 3.85236863e-02 -2.31517500e-02)
272             	(2.33625857e-03 -4.13192091e+01 2.29756967e+01)	(7.37640403e-05 -4.13584112e+01 2.29989109e+01)	(2.26249453e-03 3.92021153e-02 -2.32142043e-02)
273             	(2.36596714e-03 -4.08631765e+01 2.27725815e+01)	(7.44375894e-05 -4.09030047e+01 2.27958299e+01)	(2.29152955e-03 3.98281161e-02 -2.32484541e-02)
274             	(2.39225194e-03 -4.04143569e+01 2.25741938e+01)	(7.51592744e-05 -4.04547590e+01 2.25974518e+01)	(2.31709267e-03 4.04021690e-02 -2.32580141e-02)
275             	(2.41464928e-03 -3.99722250e+01 2.23798997e+01)	(7.58953466e-05 -4.00131508e+01 2.24031474e+01)	(2.33875394e-03 4.09257871e-02 -2.32476835e-02)
276             	(2.43253454e-03 -3.95363930e+01 2.21895016e+01)	(7.66475998e-05 -3.95777903e+01 2.22127211e+01)	(2.35588694e-03 4.13972552e-02 -2.32194567e-02)
277             	(2.44604397e-03 -3.91071938e+01 2.20026751e+01)	(7.74127354e-05 -3.91490088e+01 2.20258479e+01)	(2.36863123e-03 4.18149922e-02 -2.31728184e-02)
278             	(2.45541971e-03 -3.86852001e+01 2.18190885e+01)	(7.82027460e-05 -3.87273777e+01 2.18421974e+01)	(2.37721696e-03 4.21775659e-02 -2.31089096e-02)
279             	(2.46095820e-03 -3.82703686e+01 2.16382890e+01)	(7.90081289e-05 -3.83128490e+01 2.16613194e+01)	(2.38195007e-03 4.24803573e-02 -2.30303777e-02)
280             	(2.46273136e-03 -3.78630798e+01 2.14596874e+01)	(7.97936813e-05 -3.79057996e+01 2.14826270e+01)	(2.38293767e-03 4.27198457e-02 -2.29395875e-02)
281             	(2.46178012e-03 -3.74639355e+01 2.12830506e+01)	(8.05920696e-05 -3.75068333e+01 2.13058848e+01)	(2.38118805e-03 4.28977951e-02 -2.28342450e-02)
282             	(2.45836962e-03 -3.70740069e+01 2.11083787e+01)	(8.13649967e-05 -3.71170207e+01 2.11310978e+01)	(2.37700462e-03 4.30137844e-02 -2.27190258e-02)
283             	(2.45239394e-03 -3.66940973e+01 2.09361224e+01)	(8.21074599e-05 -3.67371637e+01 2.09587180e+01)	(2.37028648e-03 4.30664354e-02 -2.25956301e-02)
284             	(2.44412940e-03 -3.63248319e+01 2.07667890e+01)	(8.28061624e-05 -3.63678850e+01 2.07892530e+01)	(2.36132324e-03 4.30531263e-02 -2.24640569e-02)
285             	(2.43419780e-03 -3.59666963e+01 2.06003050e+01)	(8.34301427e-05 -3.60096725e+01 2.06226301e+01)	(2.35076766e-03 4.29761622e-02 -2.23251526e-02)
286             	(2.42385001e-03 -3.56205536e+01 2.04363103e+01)	(8.39513272e-05 -3.56633898e+01 2.04584886e+01)	(2.33989868e-03 4.28361416e-02 -2.21782289e-02)
287             	(2.41357760e-03 -3.52872132e+01 2.02744964e+01)	(8.43644038e-05 -3.53298447e+01 2.02965210e+01)	(2.32921320e-03 4.26315692e-02 -2.20245534e-02)
288             	(2.40384603e-03 -3.49670733e+01 2.01149879e+01)	(8.46723932e-05 -3.50094360e+01 2.01368532e+01)	(2.31917364e-03 4.23627741e-02 -2.18653051e-02)
289             	(2.39482798e-03 -3.46604469e+01 1.99580594e+01)	(8.49048189e-05 -3.47024770e+01 1.99797596e+01)	(2.30992316e-03 4.20301063e-02 -2.17002097e-02)
290             	(2.38705240e-03 -3.43674007e+01 1.98039168e+01)	(8.51097562e-05 -3.44090366e+01 1.98254466e+01)	(2.30194265e-03 4.16359493e-02 -2.15298236e-02)
291             	(2.38080847e-03 -3.40879746e+01 1.96527966e+01)	(8.53211004e-05 -3.41291595e+01 1.96741531e+01)	(2.29548737e-03 4.11849172e-02 -2.13565131e-02)
292             	(2.37617999e-03 -3.38222917e+01 1.95050194e+01)	(8.55395106e-05 -3.38629684e+01 1.95261994e+01)	(2.29064048e-03 4.06766586e-02 -2.11800063e-02)
293             	(2.37330483e-03 -3.35700943e+01 1.93607774e+01)	(8.57559816e-05 -3.36102075e+01 1.93817778e+01)	(2.28754885e-03 4.01131363e-02 -2.10003349e-02)
294             	(2.37255137e-03 -3.33308643e+01 1.92202241e+01)	(8.59680838e-05 -3.33703628e+01 1.92410407e+01)	(2.28658329e-03 3.94984859e-02 -2.08165931e-02)
295             	(2.37416893e-03 -3.31032496e+01 1.90832013e+01)	(8.61861624e-05 -3.31420878e+01 1.91038285e+01)	(2.28798277e-03 3.88382274e-02 -2.06271422e-02)
296             	(2.37811144e-03 -3.28860510e+01 1.89496180e+01)	(8.64105612e-05 -3.29241876e+01 1.89700494e+01)	(2.29170088e-03 3.81366651e-02 -2.04314207e-02)
297             	(2.38421662e-03 -3.26781621e+01 1.88195165e+01)	(8.66428269e-05 -3.27155582e+01 1.88397440e+01)	(2.29757380e-03 3.73960206e-02 -2.02275097e-02)
298             	(2.39235059e-03 -3.24785185e+01 1.86929849e+01)	(8.68781898e-05 -3.25151398e+01 1.87129995e+01)	(2.30547240e-03 3.66213033e-02 -2.00145769e-02)
299             	(2.40206166e-03 -3.22858553e+01 1.85700029e+01)	(8.70991694e-05 -3.23216727e+01 1.85897933e+01)	(2.31496249e-03 3.58173887e-02 -1.97904105e-02)
300             	(2.41328110e-03 -3.20986171e+01 1.84504593e+01)	(8.72916342e-05 -3.21336053e+01 1.84700123e+01)	(2.32598947e-03 3.49882225e-02 -1.95529620e-02)
301             	(2.42616568e-03 -3.19149769e+01 1.83343055e+01)	(8.74618621e-05 -3.19491158e+01 1.83536084e+01)	(2.33870382e-03 3.41388961e-02 -1.93029447e-02)
302             	(2.44031763e-03 -3.17331951e+01 1.82213978e+01)	(8.76177916e-05 -3.17664704e+01 1.82404381e+01)	(2.35269983e-03 3.32753136e-02 -1.90402906e-02)
303             	(2.45494607e-03 -3.15516014e+01 1.81116319e+01)	(8.77631021e-05 -3.15840049e+01 1.81303950e+01)	(2.36718297e-03 3.24035176e-02 -1.87630970e-02)
304             	(2.46977784e-03 -3.13686390e+01 1.80049116e+01)	(8.78969641e-05 -3.14001684e+01 1.80233836e+01)	(2.38188087e-03 3.15293882e-02 -1.84719366e-02)
305             	(2.48426211e-03 -3.11829455e+01 1.79011693e+01)	(8.80162975e-05 -3.12136037e+01 1.79193365e+01)	(2.39624582e-03 3.06581813e-02 -1.81671741e-02)
306             	(2.49772207e-03 -3.09932815e+01 1.78001438e+01)	(8.81378086e-05 -3.10230768e+01 1.78179920e+01)	(2.40958426e-03 2.97952888e-02 -1.78481971e-02)
307             	(2.50974455e-03 -3.07987526e+01 1.77016426e+01)	(8.82746054e-05 -3.08276987e+01 1.77191585e+01)	(2.42146994e-03 2.89461711e-02 -1.75158303e-02)
308             	(2.51994502e-03 -3.05986667e+01 1.76055732e+01)	(8.84414354e-05 -3.06267814e+01 1.76227440e+01)	(2.43150359e-03 2.81146924e-02 -1.71707974e-02)
309             	(2.52808996e-03 -3.03922516e+01 1.75120023e+01)	(8.86392902e-05 -3.04195579e+01 1.75288183e+01)	(2.43945067e-03 2.73063658e-02 -1.68159586e-02)
310             	(2.53389149e-03 -3.01791439e+01 1.74210078e+01)	(8.88583985e-05 -3.02056704e+01 1.74374605e+01)	(2.44503309e-03 2.65265202e-02 -1.64526967e-02)
311             	(2.53699119e-03 -2.99593997e+01 1.73327354e+01)	(8.90984212e-05 -2.99851783e+01 1.73488161e+01)	(2.44789277e-03 2.57785200e-02 -1.60807631e-02)
312             	(2.53714096e-03 -2.97333650e+01 1.72472330e+01)	(8.93527274e-05 -2.97584296e+01 1.72629346e+01)	(2.44778823e-03 2.50646651e-02 -1.57015784e-02)
313             	(2.53408982e-03 -2.95016233e+01 1.71644506e+01)	(8.96169725e-05 -2.95260100e+01 1.71797657e+01)	(2.44447285e-03 2.43867680e-02 -1.53151075e-02)
314             	(2.52801575e-03 -2.92649964e+01 1.70843640e+01)	(8.98815411e-05 -2.92887427e+01 1.70992868e+01)	(2.43813421e-03 2.37462758e-02 -1.49227259e-02)
315             	(2.51919081e-03 -2.90243699e+01 1.70070406e+01)	(9.01434770e-05 -2.90475152e+01 1.70215681e+01)	(2.42904734e-03 2.31453177e-02 -1.45274889e-02)
316             	(2.50773890e-03 -2.87807368e+01 1.69326124e+01)	(9.04049360e-05 -2.88033202e+01 1.69467431e+01)	(2.41733397e-03 2.25834640e-02 -1.41307302e-02)
317             	(2.49381684e-03 -2.85355390e+01 1.68612943e+01)	(9.06645715e-05 -2.85575980e+01 1.68750281e+01)	(2.40315226e-03 2.20590592e-02 -1.37338320e-02)
318             	(2.47766848e-03 -2.82905061e+01 1.67931315e+01)	(9.09215300e-05 -2.83120768e+01 1.68064686e+01)	(2.38674695e-03 2.15706562e-02 -1.33370895e-02)
319             	(2.45977840e-03 -2.80474431e+01 1.67280536e+01)	(9.11772203e-05 -2.80685586e+01 1.67409947e+01)	(2.36860118e-03 2.11155382e-02 -1.29410532e-02)
320             	(2.44055745e-03 -2.78079883e+01 1.66661056e+01)	(9.14337475e-05 -2.78286793e+01 1.66786535e+01)	(2.34912370e-03 2.06909700e-02 -1.25479061e-02)
321             	(2.42036385e-03 -2.75738003e+01 1.66074244e+01)	(9.16941038e-05 -2.75940943e+01 1.66195839e+01)	(2.32866975e-03 2.02939966e-02 -1.21595633e-02)
322             	(2.39960890e-03 -2.73464063e+01 1.65520267e+01)	(9.19634437e-05 -2.73663272e+01 1.65638039e+01)	(2.30764546e-03 1.99209251e-02 -1.17771828e-02)
323             	(2.37851596e-03 -2.71272280e+01 1.64997959e+01)	(9.22457605e-05 -2.71467958e+01 1.65111971e+01)	(2.28627020e-03 1.95677739e-02 -1.14012387e-02)
324             	(2.35742141e-03 -2.69176765e+01 1.64506200e+01)	(9.25448400e-05 -2.69369083e+01 1.64616528e+01)	(2.26487657e-03 1.92317269e-02 -1.10327463e-02)
325             	(2.33664837e-03 -2.67191880e+01 1.64042677e+01)	(9.28615526e-05 -2.67380968e+01 1.64149397e+01)	(2.24378682e-03 1.89088026e-02 -1.06720595e-02)
326             	(2.31649789e-03 -2.65326940e+01 1.63604990e+01)	(9.31947561e-05 -2.65512890e+01 1.63708185e+01)	(2.22330314e-03 1.85949687e-02 -1.03194607e-02)
327             	(2.29727583e-03 -2.63589426e+01 1.63192768e+01)	(9.35426302e-05 -2.63772296e+01 1.63292524e+01)	(2.20373320e-03 1.82869828e-02 -9.97562496e-03)
328             	(2.27918806e-03 -2.61984761e+01 1.62805061e+01)	(9.38959062e-05 -2.62164572e+01 1.62901472e+01)	(2.18529215e-03 1.79811665e-02 -9.64106796e-03)
329             	(2.26234897e-03 -2.60517046e+01 1.62440556e+01)	(9.42491292e-05 -2.60693780e+01 1.62533712e+01)	(2.16809984e-03 1.76734542e-02 -9.31558367e-03)
330             	(2.24679287e-03 -2.59181870e+01 1.62095364e+01)	(9.46006281e-05 -2.59355477e+01 1.62185359e+01)	(2.15219225e-03 1.73607433e-02 -8.99950691e-03)
331             	(2.23258040e-03 -2.57978219e+01 1.61765921e+01)	(9.49433669e-05 -2.58148623e+01 1.61852856e+01)	(2.13763703e-03 1.70404489e-02 -8.69345005e-03)
332             	(2.21973551e-03 -2.56902535e+01 1.61449645e+01)	(9.52727281e-05 -2.57069653e+01 1.61533630e+01)	(2.12446278e-03 1.67117268e-02 -8.39849909e-03)
333             	(2.20817995e-03 -2.55949590e+01 1.61144318e+01)	(9.55883403e-05 -2.56113324e+01 1.61225473e+01)	(2.11259161e-03 1.63733944e-02 -8.11550111e-03)
334             	(2.19782177e-03 -2.55109759e+01 1.60849021e+01)	(9.58909531e-05 -2.55270007e+01 1.60927470e+01)	(2.10193082e-03 1.60247916e-02 -7.84489633e-03)
335             	(2.18855539e-03 -2.54369459e+01 1.60562418e+01)	(9.61829246e-05 -2.54526118e+01 1.60638288e+01)	(2.09237247e-03 1.56659200e-02 -7.58706027e-03)
336             	(2.18018223e-03 -2.53711984e+01 1.60282547e+01)	(9.64680658e-05 -2.53864960e+01 1.60355972e+01)	(2.08371416e-03 1.52976223e-02 -7.34250080e-03)
337             	(2.17253936e-03 -2.53120722e+01 1.60009063e+01)	(9.67427405e-05 -2.53269937e+01 1.60080184e+01)	(2.07579662e-03 1.49215081e-02 -7.11211016e-03)
338             	(2.16545274e-03 -2.52577623e+01 1.59741637e+01)	(9.69994707e-05 -2.52723022e+01 1.59810600e+01)	(2.06845327e-03 1.45398898e-02 -6.89634199e-03)
339             	(2.15882961e-03 -2.52067206e+01 1.59480328e+01)	(9.72414797e-05 -2.52208766e+01 1.59547286e+01)	(2.06158813e-03 1.41559788e-02 -6.69580881e-03)
340             	(2.15256075e-03 -2.51575320e+01 1.59225732e+01)	(9.74760665e-05 -2.51713044e+01 1.59290842e+01)	(2.05508469e-03 1.37723894e-02 -6.51100038e-03)
341             	(2.14652752e-03 -2.51087534e+01 1.58979514e+01)	(9.77084941e-05 -2.51221454e+01 1.59042933e+01)	(2.04881902e-03 1.33920167e-02 -6.34189102e-03)
342             	(2.14063353e-03 -2.50592617e+01 1.58743925e+01)	(9.79358428e-05 -2.50722801e+01 1.58805813e+01)	(2.04269768e-03 1.30183057e-02 -6.18877173e-03)
343             	(2.13483642e-03 -2.50078230e+01 1.58522275e+01)	(9.81562115e-05 -2.50204773e+01 1.58582794e+01)	(2.03668020e-03 1.26543426e-02 -6.05192083e-03)
344             	(2.12910861e-03 -2.49533091e+01 1.58317746e+01)	(9.83723649e-05 -2.49656124e+01 1.58377058e+01)	(2.03073624e-03 1.23032572e-02 -5.93125920e-03)
345             	(2.12350935e-03 -2.48947831e+01 1.58133484e+01)	(9.85808603e-05 -2.49067513e+01 1.58191752e+01)	(2.02492849e-03 1.19682843e-02 -5.82678893e-03)
346             	(2.11804407e-03 -2.48316800e+01 1.57973267e+01)	(9.87841819e-05 -2.48433326e+01 1.58030650e+01)	(2.01925989e-03 1.16525609e-02 -5.73830793e-03)
347             	(2.11272657e-03 -2.47637971e+01 1.57840210e+01)	(9.89882386e-05 -2.47751555e+01 1.57896868e+01)	(2.01373833e-03 1.13584208e-02 -5.66576625e-03)
348             	(2.10756592e-03 -2.46916215e+01 1.57736556e+01)	(9.91977735e-05 -2.47027088e+01 1.57792640e+01)	(2.00836815e-03 1.10872856e-02 -5.60842027e-03)
349             	(2.10255729e-03 -2.46147732e+01 1.57664064e+01)	(9.94133957e-05 -2.46256142e+01 1.57719725e+01)	(2.00314389e-03 1.08409339e-02 -5.56608089e-03)
350             	(2.09788260e-03 -2.45338152e+01 1.57625832e+01)	(9.96374354e-05 -2.45444353e+01 1.57681212e+01)	(1.99824516e-03 1.06200783e-02 -5.53808146e-03)
351             	(2.09368305e-03 -2.44497741e+01 1.57623910e+01)	(9.98679636e-05 -2.44601994e+01 1.57679145e+01)	(1.99381509e-03 1.04252631e-02 -5.52343041e-03)
352             	(2.09009469e-03 -2.43637997e+01 1.57659998e+01)	(1.00103141e-04 -2.43740555e+01 1.57715212e+01)	(1.98999155e-03 1.02558810e-02 -5.52140734e-03)
353             	(2.08729946e-03 -2.42770348e+01 1.57734921e+01)	(1.00346719e-04 -2.42871463e+01 1.57790237e+01)	(1.98695274e-03 1.01114703e-02 -5.53153665e-03)
354             	(2.08539555e-03 -2.41906061e+01 1.57849053e+01)	(1.00600873e-04 -2.42005967e+01 1.57904580e+01)	(1.98479467e-03 9.99065958e-03 -5.55272011e-03)
355             	(2.08444796e-03 -2.41057543e+01 1.58002093e+01)	(1.00864741e-04 -2.41156455e+01 1.58057935e+01)	(1.98358322e-03 9.89114143e-03 -5.58421128e-03)
356             	(2.08450635e-03 -2.40237489e+01 1.58193200e+01)	(1.01135468e-04 -2.40335593e+01 1.58249455e+01)	(1.98337088e-03 9.81042118e-03 -5.62549548e-03)
357             	(2.08564692e-03 -2.39459473e+01 1.58421914e+01)	(1.01409668e-04 -2.39556931e+01 1.58478672e+01)	(1.98423725e-03 9.74579847e-03 -5.67585305e-03)
358             	(2.08792508e-03 -2.38732086e+01 1.58689153e+01)	(1.01678881e-04 -2.38829032e+01 1.58746499e+01)	(1.98624620e-03 9.69464645e-03 -5.73459782e-03)
359             	(2.09140371e-03 -2.38078198e+01 1.58989465e+01)	(1.01940700e-04 -2.38174736e+01 1.59047478e+01)	(1.98946301e-03 9.65386830e-03 -5.80121907e-03)
360             	(2.09612300e-03 -2.37502276e+01 1.59323372e+01)	(1.02195890e-04 -2.37598480e+01 1.59382123e+01)	(1.99392711e-03 9.62031305e-03 -5.87516632e-03)
361             	(2.10210672e-03 -2.37009001e+01 1.59690475e+01)	(1.02441439e-04 -2.37104910e+01 1.59750035e+01)	(1.99966528e-03 9.59088527e-03 -5.95601902e-03)
362             	(2.10935863e-03 -2.36603120e+01 1.60090579e+01)	(1.02678312e-04 -2.36698748e+01 1.60151012e+01)	(2.00668032e-03 9.56275437e-03 -6.04328099e-03)
363             	(2.11793049e-03 -2.36289716e+01 1.60519727e+01)	(1.02912649e-04 -2.36385050e+01 1.60581093e+01)	(2.01501784e-03 9.53340959e-03 -6.13653263e-03)
364             	(2.12779008e-03 -2.36070733e+01 1.60972930e+01)	(1.03141227e-04 -2.36165740e+01 1.61035285e+01)	(2.02464885e-03 9.50075495e-03 -6.23546794e-03)
365             	(2.13883625e-03 -2.35946069e+01 1.61448506e+01)	(1.03361339e-04 -2.36040698e+01 1.61511907e+01)	(2.03547491e-03 9.46284455e-03 -6.34011206e-03)
366             	(2.15098759e-03 -2.35912833e+01 1.61946095e+01)	(1.03571359e-04 -2.36007022e+01 1.62010597e+01)	(2.04741623e-03 9.41889263e-03 -6.45021695e-03)
367             	(2.16416723e-03 -2.35965542e+01 1.62465193e+01)	(1.03770412e-04 -2.36059232e+01 1.62530847e+01)	(2.06039682e-03 9.36904509e-03 -6.56537929e-03)
368             	(2.17827929e-03 -2.36096612e+01 1.63004365e+01)	(1.03958030e-04 -2.36189737e+01 1.63071219e+01)	(2.07432126e-03 9.31245317e-03 -6.68533021e-03)
369             	(2.19328036e-03 -2.36296362e+01 1.63562462e+01)	(1.04135223e-04 -2.36388858e+01 1.63630560e+01)	(2.08914514e-03 9.24961847e-03 -6.80984110e-03)
370             	(2.20910590e-03 -2.36554537e+01 1.64138923e+01)	(1.04303925e-04 -2.36646351e+01 1.64208309e+01)	(2.10480198e-03 9.18146526e-03 -6.93864985e-03)
371             	(2.22565185e-03 -2.36858930e+01 1.64732236e+01)	(1.04460345e-04 -2.36950017e+01 1.64802948e+01)	(2.12119150e-03 9.10867736e-03 -7.07124518e-03)
372             	(2.24286379e-03 -2.37201407e+01 1.65345744e+01)	(1.04603353e-04 -2.37291732e+01 1.65417820e+01)	(2.13826044e-03 9.03257989e-03 -7.20757917e-03)
373             	(2.26064398e-03 -2.37569788e+01 1.65979022e+01)	(1.04734076e-04 -2.37659336e+01 1.66052495e+01)	(2.15590990e-03 8.95485395e-03 -7.34728593e-03)
374             	(2.27889202e-03 -2.37951091e+01 1.66631422e+01)	(1.04855155e-04 -2.38039864e+01 1.66706318e+01)	(2.17403687e-03 8.87733113e-03 -7.48958371e-03)
375             	(2.29758367e-03 -2.38333685e+01 1.67302641e+01)	(1.04969952e-04 -2.38421705e+01 1.67378975e+01)	(2.19261372e-03 8.80193377e-03 -7.63342073e-03)
376             	(2.31664300e-03 -2.38707514e+01 1.67992653e+01)	(1.05076450e-04 -2.38794819e+01 1.68070438e+01)	(2.21156655e-03 8.73047019e-03 -7.77850005e-03)
377             	(2.33593486e-03 -2.39064908e+01 1.68702595e+01)	(1.05177905e-04 -2.39151558e+01 1.68781841e+01)	(2.23075696e-03 8.66498645e-03 -7.92458953e-03)
378             	(2.35531599e-03 -2.39398433e+01 1.69433360e+01)	(1.05274823e-04 -2.39484506e+01 1.69514072e+01)	(2.25004116e-03 8.60731094e-03 -8.07122083e-03)
379             	(2.37474674e-03 -2.39701331e+01 1.70185104e+01)	(1.05368687e-04 -2.39786924e+01 1.70267286e+01)	(2.26937806e-03 8.55932363e-03 -8.21817058e-03)
380             	(2.39419429e-03 -2.39967691e+01 1.70957086e+01)	(1.05461199e-04 -2.40052916e+01 1.71040738e+01)	(2.28873309e-03 8.52252454e-03 -8.36519663e-03)
381             	(2.41359509e-03 -2.40196744e+01 1.71751311e+01)	(1.05552993e-04 -2.40281727e+01 1.71836431e+01)	(2.30804209e-03 8.49836285e-03 -8.51201316e-03)
382             	(2.43293013e-03 -2.40387306e+01 1.72567444e+01)	(1.05646511e-04 -2.40472181e+01 1.72654026e+01)	(2.32728362e-03 8.48749491e-03 -8.65820355e-03)
383             	(2.45215043e-03 -2.40538937e+01 1.73404034e+01)	(1.05749454e-04 -2.40623842e+01 1.73492069e+01)	(2.34640098e-03 8.49056955e-03 -8.80348809e-03)
384             	(2.47120347e-03 -2.40652447e+01 1.74259802e+01)	(1.05862102e-04 -2.40737526e+01 1.74349279e+01)	(2.36534137e-03 8.50786291e-03 -8.94775291e-03)
385             	(2.49007470e-03 -2.40730395e+01 1.75133997e+01)	(1.05980801e-04 -2.40815786e+01 1.75224906e+01)	(2.38409389e-03 8.53907982e-03 -9.09087582e-03)
386             	(2.50874993e-03 -2.40777576e+01 1.76026316e+01)	(1.06097544e-04 -2.40863417e+01 1.76118645e+01)	(2.40265239e-03 8.58411016e-03 -9.23291213e-03)
387             	(2.52724116e-03 -2.40800088e+01 1.76936194e+01)	(1.06216855e-04 -2.40886514e+01 1.77029933e+01)	(2.42102430e-03 8.64264216e-03 -9.37395482e-03)
388             	(2.54558473e-03 -2.40804139e+01 1.77862318e+01)	(1.06344451e-04 -2.40891273e+01 1.77957457e+01)	(2.43924028e-03 8.71346824e-03 -9.51393142e-03)
389             	(2.56389299e-03 -2.40795436e+01 1.78803158e+01)	(1.06482325e-04 -2.40883387e+01 1.78899690e+01)	(2.45741066e-03 8.79504027e-03 -9.65317171e-03)
390             	(2.58221178e-03 -2.40779454e+01 1.79757271e+01)	(1.06633217e-04 -2.40868310e+01 1.79855187e+01)	(2.47557856e-03 8.88558122e-03 -9.79160931e-03)
391             	(2.60053941e-03 -2.40761860e+01 1.80723360e+01)	(1.06796818e-04 -2.40851695e+01 1.80822655e+01)	(2.49374259e-03 8.98351190e-03 -9.92946079e-03)
392             	(2.61887752e-03 -2.40748964e+01 1.81700420e+01)	(1.06973002e-04 -2.40839836e+01 1.81801090e+01)	(2.51190452e-03 9.08715627e-03 -1.00670129e-02)
393             	(2.63727772e-03 -2.40746746e+01 1.82687885e+01)	(1.07160703e-04 -2.40838695e+01 1.82789930e+01)	(2.53011702e-03 9.19486494e-03 -1.02045172e-02)
394             	(2.65581361e-03 -2.40760783e+01 1.83684846e+01)	(1.07360446e-04 -2.40853833e+01 1.83788269e+01)	(2.54845316e-03 9.30493880e-03 -1.03422784e-02)
395             	(2.67455712e-03 -2.40794924e+01 1.84690363e+01)	(1.07571771e-04 -2.40889081e+01 1.84795168e+01)	(2.56698535e-03 9.41563473e-03 -1.04804974e-02)
396             	(2.69355139e-03 -2.40852157e+01 1.85703609e+01)	(1.07793960e-04 -2.40947411e+01 1.85809802e+01)	(2.58575743e-03 9.52543617e-03 -1.06193650e-02)
397             	(2.71285317e-03 -2.40934438e+01 1.86723923e+01)	(1.08026077e-04 -2.41030767e+01 1.86831514e+01)	(2.60482709e-03 9.63293766e-03 -1.07590931e-02)
398             	(2.73253895e-03 -2.41042572e+01 1.87750865e+01)	(1.08265120e-04 -2.41139939e+01 1.87859863e+01)	(2.62427383e-03 9.73678961e-03 -1.08998376e-02)
399             	(2.75272238e-03 -2.41176500e+01 1.88784327e+01)	(1.08509262e-04 -2.41274860e+01 1.88894745e+01)	(2.64421311e-03 9.83597751e-03 -1.10418120e-02)
400             	(2.77342200e-03 -2.41335694e+01 1.89824313e+01)	(1.08757434e-04 -2.41434993e+01 1.89936163e+01)	(2.66466457e-03 9.92985030e-03 -1.11849932e-02)
401             	(2.79467765e-03 -2.41518631e+01 1.90870755e+01)	(1.09011192e-04 -2.41618810e+01 1.90984047e+01)	(2.68566646e-03 1.00178718e-02 -1.13291958e-02)
402             	(2.81648083e-03 -2.41722669e+01 1.91923361e+01)	(1.09270968e-04 -2.41823666e+01 1.92038104e+01)	(2.70720987e-03 1.00996413e-02 -1.14743073e-02)
403             	(2.83884852e-03 -2.41943914e+01 1.92981422e+01)	(1.09533563e-04 -2.42045664e+01 1.93097626e+01)	(2.72931496e-03 1.01750006e-02 -1.16203952e-02)
404             	(2.86179434e-03 -2.42176805e+01 1.94044461e+01)	(1.09800930e-04 -2.42279246e+01 1.94162135e+01)	(2.75199340e-03 1.02440717e-02 -1.17673855e-02)
405             	(2.88532213e-03 -2.42415148e+01 1.95112272e+01)	(1.10076846e-04 -2.42518221e+01 1.95231425e+01)	(2.77524529e-03 1.03072200e-02 -1.19152977e-02)
406             	(2.90940989e-03 -2.42652804e+01 1.96184287e+01)	(1.10360533e-04 -2.42756454e+01 1.96304927e+01)	(2.79904936e-03 1.03650671e-02 -1.20639992e-02)
407             	(2.93402737e-03 -2.42884100e+01 1.97259745e+01)	(1.10651895e-04 -2.42988284e+01 1.97381878e+01)	(2.82337547e-03 1.04183829e-02 -1.22132769e-02)
408             	(2.95912175e-03 -2.43103676e+01 1.98338576e+01)	(1.10950512e-04 -2.43208358e+01 1.98462205e+01)	(2.84817124e-03 1.04681292e-02 -1.23629690e-02)
409             	(2.98463869e-03 -2.43305195e+01 1.99420717e+01)	(1.11255572e-04 -2.43410348e+01 1.99545849e+01)	(2.87338312e-03 1.05153177e-02 -1.25131764e-02)
410             	(3.01049306e-03 -2.43482393e+01 2.00505194e+01)	(1.11565207e-04 -2.43588006e+01 2.00631829e+01)	(2.89892785e-03 1.05612435e-02 -1.26634332e-02)
411             	(3.03662028e-03 -2.43629361e+01 2.01591006e+01)	(1.11882111e-04 -2.43735429e+01 2.01719143e+01)	(2.92473817e-03 1.06068306e-02 -1.28137325e-02)
412             	(3.06300440e-03 -2.43740618e+01 2.02677133e+01)	(1.12205467e-04 -2.43847148e+01 2.02806773e+01)	(2.95079893e-03 1.06529630e-02 -1.29640693e-02)
413             	(3.08953298e-03 -2.43811181e+01 2.03762570e+01)	(1.12534877e-04 -2.43918188e+01 2.03893714e+01)	(2.97699810e-03 1.07006928e-02 -1.31144051e-02)
414             	(3.11608281e-03 -2.43837096e+01 2.04846487e+01)	(1.12867092e-04 -2.43944607e+01 2.04979136e+01)	(3.00321571e-03 1.07510919e-02 -1.32649226e-02)
415             	(3.14261270e-03 -2.43815140e+01 2.05928070e+01)	(1.13201342e-04 -2.43923191e+01 2.06062230e+01)	(3.02941136e-03 1.08051035e-02 -1.34159662e-02)
416             	(3.16908967e-03 -2.43742737e+01 2.07006622e+01)	(1.13538250e-04 -2.43851372e+01 2.07142302e+01)	(3.05555142e-03 1.08634495e-02 -1.35679192e-02)
417             	(3.19546770e-03 -2.43618613e+01 2.08081678e+01)	(1.13876425e-04 -2.43727881e+01 2.08218888e+01)	(3.08159127e-03 1.09267787e-02 -1.37210501e-02)
418             	(3.22167077e-03 -2.43442241e+01 2.09153019e+01)	(1.14212253e-04 -2.43552198e+01 2.09291778e+01)	(3.10745852e-03 1.09957581e-02 -1.38758547e-02)
419             	(3.24764716e-03 -2.43214339e+01 2.10220628e+01)	(1.14542458e-04 -2.43325045e+01 2.10360953e+01)	(3.13310470e-03 1.10706357e-02 -1.40325811e-02)
420             	(3.27339765e-03 -2.42935946e+01 2.11284527e+01)	(1.14866554e-04 -2.43047462e+01 2.11426442e+01)	(3.15853109e-03 1.11515387e-02 -1.41914875e-02)
421             	(3.29897661e-03 -2.42609144e+01 2.12344680e+01)	(1.15182400e-04 -2.42721527e+01 2.12488209e+01)	(3.18379421e-03 1.12383059e-02 -1.43528721e-02)
422             	(3.32444958e-03 -2.42237019e+01 2.13401101e+01)	(1.15490714e-04 -2.42350327e+01 2.13546270e+01)	(3.20895887e-03 1.13308148e-02 -1.45168545e-02)
423             	(3.34980828e-03 -2.41823565e+01 2.14454494e+01)	(1.15793546e-04 -2.41937850e+01 2.14601331e+01)	(3.23401473e-03 1.14284999e-02 -1.46837603e-02)
424             	(3.37508039e-03 -2.41373329e+01 2.15506229e+01)	(1.16090663e-04 -2.41488633e+01 2.15654767e+01)	(3.25898973e-03 1.15304520e-02 -1.48538415e-02)
425             	(3.40032610e-03 -2.40891214e+01 2.16557292e+01)	(1.16381139e-04 -2.41007572e+01 2.16707564e+01)	(3.28394496e-03 1.16358135e-02 -1.50272250e-02)
426             	(3.42563682e-03 -2.40382425e+01 2.17608397e+01)	(1.16663921e-04 -2.40499862e+01 2.17760438e+01)	(3.30897290e-03 1.17436958e-02 -1.52040364e-02)
427             	(3.45109432e-03 -2.39850987e+01 2.18661117e+01)	(1.16940347e-04 -2.39969518e+01 2.18814958e+01)	(3.33415398e-03 1.18530712e-02 -1.53841539e-02)
428             	(3.47683842e-03 -2.39302962e+01 2.19714065e+01)	(1.17208089e-04 -2.39422589e+01 2.19869739e+01)	(3.35963033e-03 1.19627331e-02 -1.55673843e-02)
429             	(3.50288153e-03 -2.38743380e+01 2.20768395e+01)	(1.17467046e-04 -2.38864095e+01 2.20925933e+01)	(3.38541448e-03 1.20715161e-02 -1.57537838e-02)
430             	(3.52923775e-03 -2.38177074e+01 2.21825552e+01)	(1.17721738e-04 -2.38298856e+01 2.21984986e+01)	(3.41151601e-03 1.21781423e-02 -1.59434158e-02)
431             	(3.55602128e-03 -2.37607964e+01 2.22887079e+01)	(1.17973097e-04 -2.37730779e+01 2.23048438e+01)	(3.43804819e-03 1.22814771e-02 -1.61358974e-02)
432             	(3.58333178e-03 -2.37039077e+01 2.23953960e+01)	(1.18222491e-04 -2.37162882e+01 2.24117268e+01)	(3.46510928e-03 1.23804607e-02 -1.63308391e-02)
433             	(3.61125066e-03 -2.36473537e+01 2.25026243e+01)	(1.18469309e-04 -2.36598278e+01 2.25191522e+01)	(3.49278135e-03 1.24740330e-02 -1.65278735e-02)
434             	(3.63982821e-03 -2.35913411e+01 2.26103794e+01)	(1.18707867e-04 -2.36039021e+01 2.26271057e+01)	(3.52112035e-03 1.25610182e-02 -1.67262908e-02)
435             	(3.66913089e-03 -2.35360531e+01 2.27186325e+01)	(1.18933212e-04 -2.35486935e+01 2.27355577e+01)	(3.55019768e-03 1.26403907e-02 -1.69252119e-02)
436             	(3.69925068e-03 -2.34816352e+01 2.28273602e+01)	(1.19137637e-04 -2.34943470e+01 2.28444844e+01)	(3.58011305e-03 1.27117582e-02 -1.71242283e-02)
437             	(3.73024752e-03 -2.34281193e+01 2.29365211e+01)	(1.19320918e-04 -2.34408936e+01 2.29538437e+01)	(3.61092660e-03 1.27743337e-02 -1.73226486e-02)
438             	(3.76211061e-03 -2.33754237e+01 2.30460854e+01)	(1.19487308e-04 -2.33882512e+01 2.30636055e+01)	(3.64262330e-03 1.28275269e-02 -1.75200978e-02)
439             	(3.79474203e-03 -2.33233931e+01 2.31559678e+01)	(1.19641228e-04 -2.33362644e+01 2.31736841e+01)	(3.67510081e-03 1.28712563e-02 -1.77162317e-02)
440             	(3.82818157e-03 -2.32717693e+01 2.32660671e+01)	(1.19789455e-04 -2.32846746e+01 2.32839779e+01)	(3.70839211e-03 1.29053033e-02 -1.79108130e-02)
441             	(3.86248370e-03 -2.32202121e+01 2.33762670e+01)	(1.19930386e-04 -2.32331417e+01 2.33943703e+01)	(3.74255331e-03 1.29296069e-02 -1.81033580e-02)
442             	(3.89747396e-03 -2.31684189e+01 2.34864289e+01)	(1.20056915e-04 -2.31813640e+01 2.35047224e+01)	(3.77741704e-03 1.29451114e-02 -1.82934627e-02)
443             	(3.93302725e-03 -2.31160373e+01 2.35964706e+01)	(1.20169328e-04 -2.31289895e+01 2.36149514e+01)	(3.81285792e-03 1.29521667e-02 -1.84808520e-02)
444             	(3.96901302e-03 -2.30626397e+01 2.37062613e+01)	(1.20267733e-04 -2.30755905e+01 2.37249269e+01)	(3.84874528e-03 1.29508848e-02 -1.86655513e-02)
445             	(4.00540187e-03 -2.30077196e+01 2.38157108e+01)	(1.20356213e-04 -2.30206622e+01 2.38345584e+01)	(3.88504566e-03 1.29426346e-02 -1.88476155e-02)
446             	(4.04203809e-03 -2.29508075e+01 2.39247768e+01)	(1.20436034e-04 -2.29637357e+01 2.39438038e+01)	(3.92160206e-03 1.29281496e-02 -1.90270297e-02)
447             	(4.07881777e-03 -2.28914863e+01 2.40334649e+01)	(1.20509144e-04 -2.29043947e+01 2.40526687e+01)	(3.95830863e-03 1.29084193e-02 -1.92037648e-02)
448             	(4.11587219e-03 -2.28294615e+01 2.41417632e+01)	(1.20577765e-04 -2.28423460e+01 2.41611406e+01)	(3.99529443e-03 1.28844961e-02 -1.93773706e-02)
449             	(4.15316910e-03 -2.27645137e+01 2.42496733e+01)	(1.20642300e-04 -2.27773711e+01 2.42692209e+01)	(4.03252680e-03 1.28573424e-02 -1.95476480e-02)
450             	(4.19051922e-03 -2.26964583e+01 2.43572061e+01)	(1.20704030e-04 -2.27092865e+01 2.43769208e+01)	(4.06981519e-03 1.28282076e-02 -1.97147473e-02)
451             	(4.22766852e-03 -2.26251213e+01 2.44644031e+01)	(1.20760519e-04 -2.26379187e+01 2.44842826e+01)	(4.10690800e-03 1.27974494e-02 -1.98794366e-02)
452             	(4.26450424e-03 -2.25503698e+01 2.45712484e+01)	(1.20810277e-04 -2.25631350e+01 2.45912903e+01)	(4.14369397e-03 1.27652135e-02 -2.00418538e-02)
453             	(4.30103024e-03 -2.24721770e+01 2.46777122e+01)	(1.20853549e-04 -2.24849090e+01 2.46979141e+01)	(4.18017669e-03 1.27319146e-02 -2.02018597e-02)
454             	(4.33724168e-03 -2.23905818e+01 2.47838463e+01)	(1.20887006e-04 -2.24032799e+01 2.48042057e+01)	(4.21635467e-03 1.26981918e-02 -2.03594049e-02)
455             	(4.37314998e-03 -2.23056782e+01 2.48896872e+01)	(1.20909954e-04 -2.23183426e+01 2.49102017e+01)	(4.25224002e-03 1.26643667e-02 -2.05144820e-02)
456             	(4.40872772e-03 -2.22176079e+01 2.49952740e+01)	(1.20925600e-04 -2.22302391e+01 2.50159411e+01)	(4.28780212e-03 1.26312054e-02 -2.06671651e-02)
457             	(4.44401020e-03 -2.21265777e+01 2.51006208e+01)	(1.20936365e-04 -2.21391767e+01 2.51214381e+01)	(4.32307384e-03 1.25990580e-02 -2.08172368e-02)
458             	(4.47909375e-03 -2.20328480e+01 2.52057450e+01)	(1.20943914e-04 -2.20454156e+01 2.52267095e+01)	(4.35814983e-03 1.25675966e-02 -2.09644770e-02)
459             	(4.51402329e-03 -2.19367419e+01 2.53107088e+01)	(1.20947527e-04 -2.19492783e+01 2.53318176e+01)	(4.39307577e-03 1.25364031e-02 -2.11088010e-02)
460             	(4.54888266e-03 -2.18385516e+01 2.54155533e+01)	(1.20944231e-04 -2.18510570e+01 2.54368032e+01)	(4.42793843e-03 1.25053760e-02 -2.12499952e-02)
461             	(4.58371038e-03 -2.17385991e+01 2.55202446e+01)	(1.20930212e-04 -2.17510737e+01 2.55416325e+01)	(4.46278017e-03 1.24746495e-02 -2.13879049e-02)
462             	(4.61856430e-03 -2.16372334e+01 2.56247363e+01)	(1.20901799e-04 -2.16496772e+01 2.56462587e+01)	(4.49766250e-03 1.24437306e-02 -2.15224240e-02)
463             	(4.65355295e-03 -2.15348535e+01 2.57290432e+01)	(1.20854905e-04 -2.15472653e+01 2.57506963e+01)	(4.53269805e-03 1.24118234e-02 -2.16531589e-02)
