# Force coefficients
# dragDir       : (1.00000000e+00 0.00000000e+00 0.00000000e+00)
# sideDir       : (0.00000000e+00 0.00000000e+00 -1.00000000e+00)
# liftDir       : (0.00000000e+00 1.00000000e+00 0.00000000e+00)
# rollAxis      : (1.00000000e+00 0.00000000e+00 0.00000000e+00)
# pitchAxis     : (0.00000000e+00 0.00000000e+00 -1.00000000e+00)
# yawAxis       : (0.00000000e+00 1.00000000e+00 0.00000000e+00)
# magUInf       : 1.00000000e+00
# lRef          : 3.71900030e+00
# Aref          : 3.51160410e+00
# CofR          : (0.00000000e+00 0.00000000e+00 0.00000000e+00)
#
# Time          	Cd              	Cs              	Cl              	CmRoll          	CmPitch         	CmYaw           	Cd(f)           	Cd(r)           	Cs(f)           	Cs(r)           	Cl(f)           	Cl(r)           
1               	3.59360484e+00	-3.90385246e-04	5.26058878e-04	-1.13451881e-08	-2.76877583e-05	-8.25102264e-05	1.79680241e+00	1.79680243e+00	-2.77702849e-04	-1.12682396e-04	2.35341681e-04	2.90717197e-04
2               	3.26533058e+00	-3.46386526e-04	6.27386983e-04	-5.68345144e-09	-1.72334417e-05	-9.33083243e-05	1.63266528e+00	1.63266529e+00	-2.66501587e-04	-7.98849388e-05	2.96460050e-04	3.30926933e-04
3               	8.56741405e-01	-4.19939895e-05	3.75725118e-04	1.22534242e-08	4.11302031e-05	-1.71147862e-05	4.28370715e-01	4.28370690e-01	-3.81117809e-05	-3.88220859e-06	2.28992762e-04	1.46732356e-04
4               	-1.43839366e+00	7.90909560e-05	-1.62738224e-04	2.18837572e-08	1.76800300e-05	7.86951544e-05	-7.19196807e-01	-7.19196851e-01	1.18240632e-04	-3.91496764e-05	-6.36890820e-05	-9.90491419e-05
5               	-2.03026332e+00	3.37341702e-05	-4.38994556e-04	1.00221317e-08	-1.23253054e-06	9.80665335e-05	-1.01513165e+00	-1.01513167e+00	1.14933619e-04	-8.11994484e-05	-2.20729808e-04	-2.18264747e-04
6               	-1.01260608e+00	-1.54655187e-04	-4.47514347e-04	1.93044086e-08	-5.15119603e-05	6.82582516e-05	-5.06303021e-01	-5.06303060e-01	-9.06934208e-06	-1.45585845e-04	-2.75269134e-04	-1.72245213e-04
7               	3.92948375e-01	-2.41589908e-04	-3.16335622e-04	4.06847691e-08	-9.99758951e-05	1.15626371e-05	1.96474228e-01	1.96474147e-01	-1.09232317e-04	-1.32357591e-04	-2.58143706e-04	-5.81919158e-05
8               	1.11879374e+00	-2.56057416e-04	1.56468149e-04	4.14363530e-08	-7.47802113e-06	-2.11056916e-06	5.59396910e-01	5.59396827e-01	-1.30139277e-04	-1.25918139e-04	7.07560535e-05	8.57120957e-05
9               	8.87033573e-01	6.03517762e-05	4.83571774e-04	3.68187471e-08	9.02310488e-05	-4.82464985e-05	4.43516823e-01	4.43516750e-01	-1.80706104e-05	7.84223866e-05	3.32016936e-04	1.51554838e-04
10              	1.74588880e-01	2.36963285e-04	5.17578734e-04	8.29827424e-08	1.36641817e-04	-4.08586224e-05	8.72945229e-02	8.72943570e-02	7.76230202e-05	1.59340265e-04	3.95431184e-04	1.22147550e-04
11              	-3.82185633e-01	2.85019504e-04	1.07403843e-04	8.25208012e-08	5.21042380e-05	-3.71443113e-05	-1.91092734e-01	-1.91092899e-01	1.05365441e-04	1.79654063e-04	1.05806159e-04	1.59768322e-06
12              	-4.67504028e-01	7.15672061e-05	-2.50417895e-04	6.21671059e-08	-5.54088374e-05	-4.85431848e-08	-2.33751952e-01	-2.33752076e-01	3.57350599e-05	3.58321463e-05	-1.80617785e-04	-6.98001099e-05
13              	-1.72567397e-01	-1.87441783e-04	-4.46199252e-04	6.25471129e-08	-1.19412226e-04	3.66395664e-05	-8.62836359e-02	-8.62837610e-02	-5.70813253e-05	-1.30360458e-04	-3.42511852e-04	-1.03687400e-04
14              	1.73401672e-01	-2.30923063e-04	-3.28222858e-04	6.35249252e-08	-1.00508779e-04	3.57876112e-05	8.67008993e-02	8.67007723e-02	-7.96739206e-05	-1.51249143e-04	-2.64620208e-04	-6.36026503e-05
15              	3.19398334e-01	-5.66776219e-05	-1.17942768e-04	6.83251937e-08	-4.58871176e-05	8.97007981e-07	1.59699235e-01	1.59699098e-01	-2.74418030e-05	-2.92358189e-05	-1.04858502e-04	-1.30842663e-05
16              	2.36385718e-01	1.45771611e-04	3.11453441e-05	5.19478743e-08	5.09333456e-06	-2.93708349e-05	1.18192911e-01	1.18192807e-01	4.35149704e-05	1.02256640e-04	2.06660066e-05	1.04793375e-05
17              	5.89768529e-02	2.21216617e-04	6.67462886e-06	3.63297519e-08	9.21373364e-06	-3.54291821e-05	2.94884628e-02	2.94883901e-02	7.51791263e-05	1.46037491e-04	1.25510481e-05	-5.87641921e-06
18              	-6.15345998e-02	1.58995011e-04	-9.53557745e-05	2.32223094e-08	-1.91199631e-05	-2.61457156e-05	-3.07672767e-02	-3.07673231e-02	5.33517900e-05	1.05643221e-04	-6.67978503e-05	-2.85579241e-05
19              	-6.44610025e-02	2.39782503e-05	-1.98543408e-04	8.58448779e-09	-5.79942829e-05	-9.05520102e-06	-3.22304927e-02	-3.22305099e-02	2.93392411e-06	2.10443261e-05	-1.57265987e-04	-4.12774213e-05
20              	1.08640490e-02	-8.13119525e-05	-2.19963098e-04	-4.35133797e-09	-7.33230430e-05	5.84364021e-06	5.43202014e-03	5.43202884e-03	-3.48123360e-05	-4.64996165e-05	-1.83304592e-04	-3.66585058e-05
21              	8.64232942e-02	-8.65664654e-05	-1.43093464e-04	-1.76767521e-08	-5.11239609e-05	8.85474918e-06	4.32116294e-02	4.32116648e-02	-3.44284835e-05	-5.21379819e-05	-1.22670693e-04	-2.04227713e-05
22              	1.10733210e-01	-5.76355988e-06	-6.58927553e-05	-2.85040428e-08	-2.15489432e-05	-1.02868999e-06	5.53665766e-02	5.53666336e-02	-3.91046993e-06	-1.85308995e-06	-5.44953209e-05	-1.13974345e-05
23              	8.47573340e-02	8.86322163e-05	-6.04011129e-05	-3.55335873e-08	-1.10586055e-05	-1.32523625e-05	4.23786315e-02	4.23787025e-02	3.10637456e-05	5.75684707e-05	-4.12591619e-05	-1.91419509e-05
24              	4.29822199e-02	1.28304763e-04	-1.14943269e-04	-3.93858353e-08	-2.51167863e-05	-1.70329580e-05	2.14910706e-02	2.14911494e-02	4.71194235e-05	8.11853394e-05	-8.25884209e-05	-3.23548483e-05
25              	1.90475377e-02	9.47005887e-05	-1.85315029e-04	-4.18838904e-08	-5.06590902e-05	-1.20760519e-05	9.52372697e-03	9.52381073e-03	3.52742424e-05	5.94263462e-05	-1.43316605e-04	-4.19984244e-05
26              	2.25303737e-02	2.50000054e-05	-2.04673680e-04	-4.45567404e-08	-6.43647315e-05	-3.67708006e-06	1.12651423e-02	1.12652314e-02	8.82292266e-06	1.61770828e-05	-1.66701571e-04	-3.79721083e-05
27              	4.12220522e-02	-2.44849448e-05	-1.58746649e-04	-4.62001658e-08	-5.60294948e-05	1.81380047e-06	2.06109799e-02	2.06110723e-02	-1.04286719e-05	-1.40562729e-05	-1.35402819e-04	-2.33438297e-05
28              	5.71008005e-02	-2.51538466e-05	-8.76094897e-05	-4.65148951e-08	-3.52361315e-05	9.95919933e-07	2.85503537e-02	2.85504468e-02	-1.15810034e-05	-1.35728433e-05	-7.90408763e-05	-8.56861333e-06
29              	6.02684019e-02	8.32734821e-06	-5.10903749e-05	-4.54343826e-08	-2.13046891e-05	-3.73007843e-06	3.01341555e-02	3.01342464e-02	4.33595674e-07	7.89375253e-06	-4.68498766e-05	-4.24049837e-06
30              	5.27276416e-02	4.29610918e-05	-7.97283370e-05	-4.36858834e-08	-2.64415146e-05	-7.25002635e-06	2.63637771e-02	2.63638645e-02	1.42305195e-05	2.87305722e-05	-6.63056831e-05	-1.34226539e-05
31              	4.30156790e-02	5.15032721e-05	-1.45184737e-04	-4.24650022e-08	-4.45028119e-05	-5.34315855e-06	2.15077970e-02	2.15078820e-02	2.04084775e-05	3.10947946e-05	-1.17095181e-04	-2.80895568e-05
32              	3.82364465e-02	3.32847507e-05	-1.86654500e-04	-4.16301547e-08	-5.79285816e-05	9.04610454e-07	1.91181816e-02	1.91182649e-02	1.75469858e-05	1.57377649e-05	-1.51255831e-04	-3.53986683e-05
33              	3.98131590e-02	7.64863450e-06	-1.66547991e-04	-3.99679443e-08	-5.44282934e-05	6.21501760e-06	1.99065395e-02	1.99066195e-02	1.00393349e-05	-2.39070035e-06	-1.37702289e-04	-2.88457019e-05
34              	4.45324433e-02	-8.39172695e-06	-1.05022365e-04	-3.73328756e-08	-3.80119578e-05	7.79822580e-06	2.22661843e-02	2.22662590e-02	3.60236233e-06	-1.19940893e-05	-9.05231402e-05	-1.44992245e-05
35              	4.81501321e-02	-5.60779485e-06	-4.44472133e-05	-3.28619774e-08	-1.95688720e-05	5.70593287e-06	2.40750332e-02	2.40750989e-02	2.90203545e-06	-8.50983030e-06	-4.17924786e-05	-2.65473466e-06
36              	4.85886882e-02	7.88168004e-06	-1.99595216e-05	-2.70090579e-08	-9.73028067e-06	2.68457116e-06	2.42943171e-02	2.42943711e-02	6.62541117e-06	1.25626886e-06	-1.97100415e-05	-2.49480129e-07
37              	4.65203902e-02	1.83612250e-05	-3.15292757e-05	-2.03604362e-08	-9.36296700e-06	1.81989261e-06	2.32601748e-02	2.32602155e-02	1.10005051e-05	7.36071987e-06	-2.51276049e-05	-6.40167086e-06
38              	4.39898527e-02	1.71089862e-05	-4.46657744e-05	-1.36189934e-08	-9.29598342e-06	4.13793614e-06	2.19949127e-02	2.19949399e-02	1.26924292e-05	4.41655695e-06	-3.16288706e-05	-1.30369038e-05
39              	4.26257037e-02	7.23354258e-06	-2.57135494e-05	-6.99790793e-09	7.52090327e-08	8.33863237e-06	2.13128449e-02	2.13128588e-02	1.19554037e-05	-4.72186108e-06	-1.27815657e-05	-1.29319838e-05
40              	4.27694686e-02	-2.41635097e-06	2.97748793e-05	-1.14359712e-09	2.05064180e-05	1.19674570e-05	2.13847331e-02	2.13847354e-02	1.07592815e-05	-1.31756325e-05	3.53938577e-05	-5.61897836e-06
41              	4.36976165e-02	-6.66367313e-06	1.02874604e-04	3.42523053e-09	4.67030079e-05	1.33694567e-05	2.18488117e-02	2.18488048e-02	1.00376202e-05	-1.67012933e-05	9.81403100e-05	4.73429414e-06
42              	4.44574074e-02	-6.87194710e-06	1.66985049e-04	7.07234238e-09	7.07178012e-05	1.31714506e-05	2.22287108e-02	2.22286966e-02	9.73547703e-06	-1.66074241e-05	1.54210326e-04	1.27747235e-05
43              	4.45464371e-02	-7.16933314e-06	2.06335776e-04	1.00561312e-08	8.75704144e-05	1.30033384e-05	2.22732286e-02	2.22732085e-02	9.41867179e-06	-1.65880049e-05	1.90738302e-04	1.55974735e-05
44              	4.40680452e-02	-1.04923119e-05	2.26995762e-04	1.20940538e-08	9.82584260e-05	1.39472241e-05	2.20340347e-02	2.20340105e-02	8.70106816e-06	-1.91933800e-05	2.11756307e-04	1.52394552e-05
45              	4.34599728e-02	-1.58681225e-05	2.43601661e-04	1.33590229e-08	1.07086276e-04	1.60837815e-05	2.17299998e-02	2.17299730e-02	8.14972025e-06	-2.40178427e-05	2.28887106e-04	1.47145546e-05
46              	4.31027416e-02	-2.14004339e-05	2.66417349e-04	1.48926920e-08	1.16982467e-04	1.84617104e-05	2.15513857e-02	2.15513559e-02	7.76149347e-06	-2.91619274e-05	2.50191141e-04	1.62262078e-05
47              	4.31028216e-02	-2.37643444e-05	2.92559533e-04	1.60974591e-08	1.27451421e-04	1.99800345e-05	2.15514269e-02	2.15513947e-02	8.09786235e-06	-3.18622067e-05	2.73731188e-04	1.88283450e-05
48              	4.33316917e-02	-2.33815226e-05	3.12665458e-04	1.72922705e-08	1.35678664e-04	2.01837222e-05	2.16658631e-02	2.16658286e-02	8.49296091e-06	-3.18744836e-05	2.92011393e-04	2.06540646e-05
49              	4.36135315e-02	-2.20627916e-05	3.19637740e-04	1.85043161e-08	1.39388241e-04	1.95349399e-05	2.18067842e-02	2.18067472e-02	8.50354414e-06	-3.05663357e-05	2.99207111e-04	2.04306287e-05
50              	4.38503682e-02	-2.13621226e-05	3.13138446e-04	1.97070990e-08	1.38438606e-04	1.87305340e-05	2.19252038e-02	2.19251644e-02	8.04947268e-06	-2.94115953e-05	2.95007829e-04	1.81306168e-05
51              	4.40553861e-02	-2.05785672e-05	2.97499940e-04	2.13139834e-08	1.34263175e-04	1.85307696e-05	2.20277144e-02	2.20276717e-02	8.24148602e-06	-2.88200532e-05	2.83013145e-04	1.44867950e-05
52              	4.42808543e-02	-1.91291906e-05	2.77741267e-04	2.31479699e-08	1.28103155e-04	1.87564984e-05	2.21404503e-02	2.21404040e-02	9.19190312e-06	-2.83210937e-05	2.66973789e-04	1.07674782e-05
53              	4.45637312e-02	-1.70833981e-05	2.56114003e-04	2.46488315e-08	1.20389019e-04	1.88778143e-05	2.22818902e-02	2.22818409e-02	1.03361153e-05	-2.74195134e-05	2.48446020e-04	7.66798301e-06
54              	4.49052397e-02	-1.34341356e-05	2.30641124e-04	2.62878601e-08	1.10892648e-04	1.86535557e-05	2.24526462e-02	2.24525936e-02	1.19364879e-05	-2.53706235e-05	2.26213210e-04	4.42791401e-06
55              	4.52753139e-02	-7.94757778e-06	1.98976657e-04	2.76966503e-08	9.92052980e-05	1.80986653e-05	2.26376846e-02	2.26376292e-02	1.41248765e-05	-2.20724542e-05	1.98693626e-04	2.83030348e-07
56              	4.56446525e-02	-1.99711334e-06	1.61786071e-04	2.87205295e-08	8.54513419e-05	1.71636816e-05	2.28223550e-02	2.28222975e-02	1.61651249e-05	-1.81622383e-05	1.66344377e-04	-4.55830635e-06
57              	4.60026163e-02	4.06246048e-06	1.21279721e-04	3.01064591e-08	7.01379823e-05	1.58045232e-05	2.30013382e-02	2.30012780e-02	1.78357535e-05	-1.37732930e-05	1.30777843e-04	-9.49812207e-06
58              	4.63480186e-02	9.41640951e-06	8.10633645e-05	3.16244112e-08	5.42137326e-05	1.41988004e-05	2.31740409e-02	2.31739777e-02	1.89070051e-05	-9.49059561e-06	9.47454148e-05	-1.36820503e-05
59              	4.66727551e-02	1.55427697e-05	4.24109676e-05	3.26645658e-08	3.86263214e-05	1.28815433e-05	2.33364102e-02	2.33363449e-02	2.06529282e-05	-5.11015849e-06	5.98318052e-05	-1.74208376e-05
60              	4.69752835e-02	2.28110566e-05	5.43125362e-06	3.38665152e-08	2.39351307e-05	1.19369764e-05	2.34876756e-02	2.34876079e-02	2.33425047e-05	-5.31448104e-07	2.66507575e-05	-2.12195039e-05
61              	4.72774534e-02	2.85873395e-05	-2.91974300e-05	3.46914602e-08	1.00377917e-05	1.03538158e-05	2.36387614e-02	2.36386920e-02	2.46474855e-05	3.93985398e-06	-4.56092333e-06	-2.46365067e-05
62              	4.75944376e-02	3.25351608e-05	-6.01206673e-05	3.56320519e-08	-3.01522800e-06	8.04177865e-06	2.37972544e-02	2.37971831e-02	2.43093591e-05	8.22580176e-06	-3.30755616e-05	-2.70451056e-05
63              	4.79202585e-02	3.65653448e-05	-8.71957681e-05	3.59807361e-08	-1.43568628e-05	5.89303859e-06	2.39601652e-02	2.39600933e-02	2.41757110e-05	1.23896338e-05	-5.79547469e-05	-2.92410213e-05
64              	4.82406176e-02	3.89612236e-05	-1.08460197e-04	3.65330418e-08	-2.38246506e-05	3.51554535e-06	2.41203453e-02	2.41202723e-02	2.29961571e-05	1.59650664e-05	-7.80547489e-05	-3.04054477e-05
65              	4.85627929e-02	3.93978476e-05	-1.22564337e-04	3.69204978e-08	-3.12839666e-05	9.76609237e-07	2.42814334e-02	2.42813595e-02	2.06755331e-05	1.87223146e-05	-9.25661350e-05	-2.99982017e-05
66              	4.88948243e-02	3.80568776e-05	-1.30561364e-04	3.74286875e-08	-3.63020690e-05	-1.41380979e-06	2.44474496e-02	2.44473747e-02	1.76146290e-05	2.04422486e-05	-1.01582751e-04	-2.89786131e-05
67              	4.92459503e-02	3.45580701e-05	-1.32743493e-04	3.82475843e-08	-3.90756009e-05	-3.52218540e-06	2.46230134e-02	2.46229369e-02	1.37568496e-05	2.08012204e-05	-1.05447347e-04	-2.72961456e-05
68              	4.96132682e-02	3.14078897e-05	-1.31112472e-04	3.87105178e-08	-3.94661635e-05	-4.67126345e-06	2.48066728e-02	2.48065954e-02	1.10326814e-05	2.03752083e-05	-1.05022400e-04	-2.60900727e-05
69              	4.99909309e-02	2.82414750e-05	-1.25361284e-04	3.96511518e-08	-3.79589440e-05	-5.16135654e-06	2.49955051e-02	2.49954258e-02	8.95938095e-06	1.92820940e-05	-1.00639586e-04	-2.47216981e-05
70              	5.03854961e-02	2.23656989e-05	-1.14512103e-04	4.05004877e-08	-3.52860378e-05	-5.97611836e-06	2.51927886e-02	2.51927076e-02	5.20673107e-06	1.71589678e-05	-9.25420892e-05	-2.19700136e-05
71              	5.08008055e-02	1.38080451e-05	-9.94223511e-05	4.06544833e-08	-3.17714443e-05	-7.15010500e-06	2.54004434e-02	2.54003621e-02	-2.46082468e-07	1.40541275e-05	-8.14826198e-05	-1.79397313e-05
72              	5.12288922e-02	3.24122474e-06	-8.19719432e-05	4.08874753e-08	-2.76630017e-05	-8.67071923e-06	2.56144870e-02	2.56144052e-02	-7.05010686e-06	1.02913316e-05	-6.86489733e-05	-1.33229699e-05
73              	5.16663356e-02	-6.67718171e-06	-6.36181908e-05	4.07203044e-08	-2.33601829e-05	-9.75966782e-06	2.58332085e-02	2.58331271e-02	-1.30982587e-05	6.42107697e-06	-5.51692783e-05	-8.44891244e-06
74              	5.21120444e-02	-1.50955130e-05	-4.61616919e-05	4.02526313e-08	-1.90053729e-05	-1.02814267e-05	2.60560625e-02	2.60559820e-02	-1.78291832e-05	2.73367018e-06	-4.20862188e-05	-4.07547311e-06
75              	5.25620957e-02	-2.14381376e-05	-3.02133215e-05	3.96099911e-08	-1.47351784e-05	-1.02142711e-05	2.62810875e-02	2.62810082e-02	-2.09333399e-05	-5.04797646e-07	-2.98418392e-05	-3.71482366e-07
76              	5.30203340e-02	-2.82346667e-05	-1.47790392e-05	3.88745778e-08	-1.11503997e-05	-1.05909761e-05	2.65102059e-02	2.65101281e-02	-2.47083095e-05	-3.52635724e-06	-1.85399193e-05	3.76088008e-06
77              	5.34676171e-02	-3.61043114e-05	7.69769110e-07	3.84410314e-08	-8.58541493e-06	-1.17040750e-05	2.67338470e-02	2.67337701e-02	-2.97562307e-05	-6.34808069e-06	-8.20053038e-06	8.97029949e-06
78              	5.38838286e-02	-4.42046712e-05	1.55299493e-05	3.80680357e-08	-6.91994333e-06	-1.33052492e-05	2.69419524e-02	2.69418762e-02	-3.54075847e-05	-8.79708643e-06	8.45031340e-07	1.46849180e-05
79              	5.42886392e-02	-4.82869122e-05	2.46823169e-05	3.73354203e-08	-4.71098862e-06	-1.38477810e-05	2.71443569e-02	2.71442823e-02	-3.79912371e-05	-1.02956751e-05	7.63016985e-06	1.70521471e-05
80              	5.46749912e-02	-5.02722662e-05	2.95407732e-05	3.64820166e-08	-2.49772817e-06	-1.39364784e-05	2.73375321e-02	2.73374591e-02	-3.90726115e-05	-1.11996547e-05	1.22726584e-05	1.72681147e-05
81              	5.50102725e-02	-5.27990789e-05	3.32270210e-05	3.55303881e-08	-1.20457405e-06	-1.44386051e-05	2.75051718e-02	2.75051007e-02	-4.08381446e-05	-1.19609343e-05	1.54089364e-05	1.78180845e-05
82              	5.53169116e-02	-5.45645491e-05	3.53481077e-05	3.43584705e-08	-5.94167328e-07	-1.49565130e-05	2.76584901e-02	2.76584214e-02	-4.22387875e-05	-1.23257616e-05	1.70798865e-05	1.82682212e-05
83              	5.55915026e-02	-5.58840686e-05	3.54013006e-05	3.32649940e-08	-2.30879149e-07	-1.55312818e-05	2.77957846e-02	2.77957180e-02	-4.34733161e-05	-1.24107525e-05	1.74697711e-05	1.79315294e-05
84              	5.58108822e-02	-5.77691891e-05	3.46690700e-05	3.21309242e-08	-1.44133285e-07	-1.64119961e-05	2.79054732e-02	2.79054090e-02	-4.52965906e-05	-1.24725985e-05	1.71904017e-05	1.74786683e-05
85              	5.59559805e-02	-6.03089949e-05	3.34770758e-05	3.12429979e-08	-1.21870587e-07	-1.74948004e-05	2.79780215e-02	2.79779590e-02	-4.76492979e-05	-1.26596970e-05	1.66166673e-05	1.68604085e-05
86              	5.60423320e-02	-6.34445109e-05	3.21769177e-05	3.04530153e-08	-9.88409348e-08	-1.86390462e-05	2.80211965e-02	2.80211356e-02	-5.03613017e-05	-1.30832093e-05	1.59896179e-05	1.61872998e-05
87              	5.60926121e-02	-6.83977536e-05	3.21164801e-05	2.98797672e-08	-6.51196590e-07	-2.04228898e-05	2.80463359e-02	2.80462762e-02	-5.46217666e-05	-1.37759870e-05	1.54070434e-05	1.67094366e-05
88              	5.61021165e-02	-7.62825220e-05	3.51561912e-05	2.93919066e-08	-2.33995347e-06	-2.32249282e-05	2.80510876e-02	2.80510289e-02	-6.13661891e-05	-1.49163328e-05	1.52381421e-05	1.99180491e-05
89              	5.60282433e-02	-8.88672456e-05	4.22162785e-05	2.88505322e-08	-5.26712159e-06	-2.75418978e-05	2.80141505e-02	2.80140928e-02	-7.19755206e-05	-1.68917250e-05	1.58410177e-05	2.63752608e-05
90              	5.58393468e-02	-1.03885903e-04	5.11560820e-05	2.82871517e-08	-8.58934944e-06	-3.25454740e-05	2.79197017e-02	2.79196451e-02	-8.44884253e-05	-1.93974773e-05	1.69886915e-05	3.41673904e-05
91              	5.55531459e-02	-1.17054651e-04	5.92540413e-05	2.77506969e-08	-1.12647088e-05	-3.67048817e-05	2.77766007e-02	2.77765452e-02	-9.52322071e-05	-2.18224437e-05	1.83623118e-05	4.08917295e-05
92              	5.52183736e-02	-1.29738214e-04	6.70892457e-05	2.71400339e-08	-1.35974786e-05	-4.05787916e-05	2.76092139e-02	2.76091596e-02	-1.05447899e-04	-2.42903154e-05	1.99471442e-05	4.71421014e-05
93              	5.48791130e-02	-1.42031570e-04	7.47262439e-05	2.64398831e-08	-1.57625939e-05	-4.43321930e-05	2.74395830e-02	2.74395301e-02	-1.15347978e-04	-2.66835922e-05	2.16005281e-05	5.31257159e-05
94              	5.45409302e-02	-1.55459990e-04	8.40976198e-05	2.56845713e-08	-1.84717254e-05	-4.85007340e-05	2.72704908e-02	2.72704394e-02	-1.26230729e-04	-2.92292610e-05	2.35770845e-05	6.05205353e-05
95              	5.41991151e-02	-1.70529730e-04	9.50561710e-05	2.52165561e-08	-2.16552152e-05	-5.32408532e-05	2.70995828e-02	2.70995323e-02	-1.38505718e-04	-3.20240116e-05	2.58728703e-05	6.91833007e-05
96              	5.38480769e-02	-1.86114574e-04	1.07101782e-04	2.46763118e-08	-2.51177797e-05	-5.81251722e-05	2.69240631e-02	2.69240138e-02	-1.51182459e-04	-3.49321150e-05	2.84331114e-05	7.86686707e-05
97              	5.35035809e-02	-2.00179743e-04	1.17677578e-04	2.41800180e-08	-2.80068844e-05	-6.24556122e-05	2.67518147e-02	2.67517663e-02	-1.62545483e-04	-3.76342591e-05	3.08319045e-05	8.68456732e-05
98              	5.31935233e-02	-2.15341189e-04	1.28311866e-04	2.37560593e-08	-3.08717298e-05	-6.70837291e-05	2.65967854e-02	2.65967379e-02	-1.74754324e-04	-4.05868656e-05	3.32842032e-05	9.50276628e-05
99              	5.29321776e-02	-2.32057822e-04	1.38401607e-04	2.38064786e-08	-3.36259604e-05	-7.22325687e-05	2.64661126e-02	2.64660650e-02	-1.88261479e-04	-4.37963421e-05	3.55748432e-05	1.02826764e-04
100             	5.27200057e-02	-2.47205355e-04	1.47097909e-04	2.37922914e-08	-3.61230795e-05	-7.69904193e-05	2.63600266e-02	2.63599790e-02	-2.00593097e-04	-4.66122581e-05	3.74258752e-05	1.09672034e-04
101             	5.25324965e-02	-2.60619766e-04	1.53991953e-04	2.39669389e-08	-3.82099497e-05	-8.13424683e-05	2.62662722e-02	2.62662243e-02	-2.11652351e-04	-4.89674147e-05	3.87860270e-05	1.15205926e-04
102             	5.23414141e-02	-2.75471223e-04	1.60493159e-04	2.44352470e-08	-4.02807654e-05	-8.62853485e-05	2.61707315e-02	2.61706826e-02	-2.24020960e-04	-5.14502632e-05	3.99658141e-05	1.20527345e-04
103             	5.21416420e-02	-2.89824016e-04	1.65670029e-04	2.44915477e-08	-4.18962254e-05	-9.10447025e-05	2.60708455e-02	2.60707965e-02	-2.35956710e-04	-5.38673053e-05	4.09387892e-05	1.24731240e-04
104             	5.19488699e-02	-3.06052727e-04	1.71023772e-04	2.47955052e-08	-4.35335926e-05	-9.63629654e-05	2.59744598e-02	2.59744102e-02	-2.49389329e-04	-5.66633980e-05	4.19782935e-05	1.29045479e-04
105             	5.17740695e-02	-3.23833030e-04	1.77078852e-04	2.54989033e-08	-4.54227781e-05	-1.02229078e-04	2.58870602e-02	2.58870092e-02	-2.64145593e-04	-5.96874372e-05	4.31166479e-05	1.33962204e-04
106             	5.16170741e-02	-3.42371669e-04	1.84665523e-04	2.60334134e-08	-4.78857452e-05	-1.08337104e-04	2.58085631e-02	2.58085110e-02	-2.79522938e-04	-6.28487309e-05	4.44470162e-05	1.40218507e-04
107             	5.14665116e-02	-3.58665314e-04	1.90523801e-04	2.64974584e-08	-4.98784518e-05	-1.13767639e-04	2.57332823e-02	2.57332293e-02	-2.93100296e-04	-6.55650178e-05	4.53834489e-05	1.45140352e-04
108             	5.13145865e-02	-3.71313014e-04	1.95293264e-04	2.66202358e-08	-5.15530994e-05	-1.17994188e-04	2.56573199e-02	2.56572666e-02	-3.03650695e-04	-6.76623194e-05	4.60935326e-05	1.49199731e-04
109             	5.11543440e-02	-3.86003938e-04	2.00740271e-04	2.69444606e-08	-5.33997682e-05	-1.22728767e-04	2.55771989e-02	2.55771451e-02	-3.15730736e-04	-7.02732014e-05	4.69703673e-05	1.53769904e-04
110             	5.09822639e-02	-4.05112136e-04	2.07089783e-04	2.71811328e-08	-5.54762932e-05	-1.28904153e-04	2.54911591e-02	2.54911048e-02	-3.31460221e-04	-7.36519145e-05	4.80685984e-05	1.59021185e-04
111             	5.08005713e-02	-4.25286393e-04	2.14147913e-04	2.72570646e-08	-5.77447943e-05	-1.35351539e-04	2.54003129e-02	2.54002584e-02	-3.47994735e-04	-7.72916581e-05	4.93291622e-05	1.64818751e-04
112             	5.06223982e-02	-4.43847033e-04	2.21808976e-04	2.73003584e-08	-6.01439934e-05	-1.41227150e-04	2.53112264e-02	2.53111718e-02	-3.63150667e-04	-8.06963663e-05	5.07604947e-05	1.71048482e-04
113             	5.04599940e-02	-4.59676010e-04	2.31124104e-04	2.75280893e-08	-6.30303849e-05	-1.46055862e-04	2.52300246e-02	2.52299695e-02	-3.75893867e-04	-8.37821432e-05	5.25316670e-05	1.78592437e-04
114             	5.03096635e-02	-4.80569436e-04	2.43235512e-04	2.73689470e-08	-6.68020052e-05	-1.52388066e-04	2.51548591e-02	2.51548044e-02	-3.92672784e-04	-8.78966522e-05	5.48157510e-05	1.88419761e-04
115             	5.01618642e-02	-5.05732383e-04	2.58586498e-04	2.74876502e-08	-7.16251464e-05	-1.60093345e-04	2.50809596e-02	2.50809046e-02	-4.12959536e-04	-9.27728467e-05	5.76681027e-05	2.00918396e-04
116             	5.00141376e-02	-5.34916347e-04	2.75511444e-04	2.76019557e-08	-7.68725304e-05	-1.69064588e-04	2.50070964e-02	2.50070412e-02	-4.36522761e-04	-9.83935855e-05	6.08831918e-05	2.14628253e-04
117             	4.98759974e-02	-5.71731660e-04	2.96644751e-04	2.79039598e-08	-8.33403455e-05	-1.80403945e-04	2.49380266e-02	2.49379708e-02	-4.66269775e-04	-1.05461885e-04	6.49820301e-05	2.31662721e-04
118             	4.97578046e-02	-6.13439198e-04	3.21721292e-04	2.81127485e-08	-9.10139752e-05	-1.93287163e-04	2.48789304e-02	2.48788742e-02	-5.00006762e-04	-1.13432435e-04	6.98466710e-05	2.51874621e-04
119             	4.96473630e-02	-6.65049288e-04	3.51818109e-04	2.82067908e-08	-1.00314749e-04	-2.09449447e-04	2.48237097e-02	2.48236533e-02	-5.41974091e-04	-1.23075197e-04	7.55943052e-05	2.76223804e-04
120             	4.95394005e-02	-7.22134277e-04	3.85398312e-04	2.84427350e-08	-1.10747556e-04	-2.27339755e-04	2.47697287e-02	2.47696718e-02	-5.88406894e-04	-1.33727383e-04	8.19516003e-05	3.03446712e-04
121             	4.94365533e-02	-7.84707812e-04	4.21144032e-04	2.89281656e-08	-1.21957405e-04	-2.47136526e-04	2.47183056e-02	2.47182477e-02	-6.39490432e-04	-1.45217380e-04	8.86146108e-05	3.32529421e-04
122             	4.93495551e-02	-8.47311442e-04	4.54223945e-04	2.91004136e-08	-1.32317460e-04	-2.67002670e-04	2.46748066e-02	2.46747484e-02	-6.90658392e-04	-1.56653051e-04	9.47945129e-05	3.59429433e-04
123             	4.92985218e-02	-9.06526115e-04	4.84035887e-04	2.92644307e-08	-1.41475377e-04	-2.85529798e-04	2.46492901e-02	2.46492316e-02	-7.38792856e-04	-1.67733259e-04	1.00542566e-04	3.83493321e-04
124             	4.93037743e-02	-9.62358008e-04	5.13795991e-04	2.96365583e-08	-1.50542027e-04	-3.02783989e-04	2.46519168e-02	2.46518575e-02	-7.83962993e-04	-1.78395015e-04	1.06355968e-04	4.07440023e-04
125             	4.93574673e-02	-1.02030309e-03	5.45997851e-04	2.97175715e-08	-1.60345227e-04	-3.20618768e-04	2.46787634e-02	2.46787039e-02	-8.30770311e-04	-1.89532776e-04	1.12653699e-04	4.33344153e-04
126             	4.94459488e-02	-1.07542020e-03	5.77800534e-04	2.99418822e-08	-1.70000570e-04	-3.37516742e-04	2.47230044e-02	2.47229445e-02	-8.75226841e-04	-2.00193356e-04	1.18899697e-04	4.58900837e-04
127             	4.95573681e-02	-1.12943084e-03	6.09589478e-04	2.99780354e-08	-1.79735263e-04	-3.54138635e-04	2.47787140e-02	2.47786541e-02	-9.18854054e-04	-2.10576785e-04	1.25059476e-04	4.84530002e-04
128             	4.96791205e-02	-1.18310838e-03	6.40497351e-04	2.97975390e-08	-1.89292393e-04	-3.70811838e-04	2.48395900e-02	2.48395304e-02	-9.62366029e-04	-2.20742353e-04	1.30956282e-04	5.09541069e-04
129             	4.98091511e-02	-1.23545527e-03	6.70093384e-04	2.98936143e-08	-1.98448909e-04	-3.87122195e-04	2.49046054e-02	2.49045456e-02	-1.00484983e-03	-2.30605440e-04	1.36597783e-04	5.33495601e-04
130             	4.99494018e-02	-1.28865464e-03	6.99115700e-04	2.97238644e-08	-2.07345874e-04	-4.03624028e-04	2.49747306e-02	2.49746712e-02	-1.04795135e-03	-2.40703293e-04	1.42211977e-04	5.56903724e-04
131             	5.01019893e-02	-1.33953770e-03	7.27100824e-04	2.95515898e-08	-2.15789842e-04	-4.19181561e-04	2.50510242e-02	2.50509651e-02	-1.08895041e-03	-2.50587289e-04	1.47760570e-04	5.79340254e-04
132             	5.02674247e-02	-1.38851215e-03	7.53990475e-04	2.93794576e-08	-2.23818811e-04	-4.33995543e-04	2.51337417e-02	2.51336830e-02	-1.12825162e-03	-2.60260531e-04	1.53176426e-04	6.00814049e-04
133             	5.04381193e-02	-1.43901328e-03	7.81328646e-04	2.93477672e-08	-2.32044218e-04	-4.49361225e-04	2.52190890e-02	2.52190303e-02	-1.16886786e-03	-2.70145415e-04	1.58620105e-04	6.22708541e-04
134             	5.06071680e-02	-1.49245260e-03	8.10970068e-04	2.89195561e-08	-2.41114381e-04	-4.65814433e-04	2.53036129e-02	2.53035551e-02	-1.21204073e-03	-2.80411868e-04	1.64370653e-04	6.46599414e-04
135             	5.07747310e-02	-1.55022509e-03	8.42762559e-04	2.84497391e-08	-2.50929652e-04	-4.83742988e-04	2.53873940e-02	2.53873371e-02	-1.25885553e-03	-2.91369558e-04	1.70451627e-04	6.72310932e-04
136             	5.09456766e-02	-1.61262737e-03	8.76708483e-04	2.79539654e-08	-2.61446376e-04	-5.03146130e-04	2.54728663e-02	2.54728103e-02	-1.30945982e-03	-3.03167556e-04	1.76907866e-04	6.99800617e-04
137             	5.11280716e-02	-1.67648631e-03	9.11512654e-04	2.73323502e-08	-2.72192469e-04	-5.22918531e-04	2.55640631e-02	2.55640085e-02	-1.36116169e-03	-3.15324627e-04	1.83563858e-04	7.27948796e-04
138             	5.13270577e-02	-1.73964892e-03	9.46420695e-04	2.66727466e-08	-2.82912819e-04	-5.42352610e-04	2.56635555e-02	2.56635022e-02	-1.41217707e-03	-3.27471848e-04	1.90297529e-04	7.56123166e-04
139             	5.15433663e-02	-1.80316835e-03	9.80823972e-04	2.60379889e-08	-2.93457745e-04	-5.61843130e-04	2.57717092e-02	2.57716571e-02	-1.46342730e-03	-3.39741044e-04	1.96954241e-04	7.83869731e-04
140             	5.17718311e-02	-1.86886676e-03	1.01528249e-03	2.53783068e-08	-3.04051489e-04	-5.82076330e-04	2.58859409e-02	2.58858902e-02	-1.51650971e-03	-3.52357049e-04	2.03589754e-04	8.11692732e-04
141             	5.20018505e-02	-1.93792605e-03	1.05129710e-03	2.43991754e-08	-3.15200077e-04	-6.03468125e-04	2.60009496e-02	2.60009008e-02	-1.57243115e-03	-3.65494898e-04	2.10448472e-04	8.40848625e-04
142             	5.22252004e-02	-2.01164402e-03	1.09014678e-03	2.32171085e-08	-3.27315755e-04	-6.26402006e-04	2.61126234e-02	2.61125770e-02	-1.63222402e-03	-3.79420005e-04	2.17757635e-04	8.72389145e-04
143             	5.24370919e-02	-2.08985493e-03	1.13182438e-03	2.23238064e-08	-3.40359316e-04	-6.50776157e-04	2.62185683e-02	2.62185236e-02	-1.69570362e-03	-3.94151310e-04	2.25552874e-04	9.06271506e-04
144             	5.26352307e-02	-2.17147939e-03	1.17486937e-03	2.17176856e-08	-3.53801574e-04	-6.76207557e-04	2.63176371e-02	2.63175936e-02	-1.76194725e-03	-4.09532139e-04	2.33633111e-04	9.41236259e-04
145             	5.28174649e-02	-2.25560311e-03	1.21868998e-03	2.10456526e-08	-3.67440915e-04	-7.02377130e-04	2.64087535e-02	2.64087114e-02	-1.83017869e-03	-4.25424425e-04	2.41904073e-04	9.76785903e-04
146             	5.29794396e-02	-2.34127758e-03	1.26308948e-03	2.03351241e-08	-3.81236767e-04	-7.28988665e-04	2.64897401e-02	2.64896995e-02	-1.89962746e-03	-4.41650126e-04	2.50307972e-04	1.01278151e-03
147             	5.31154538e-02	-2.42819767e-03	1.30844798e-03	1.95043682e-08	-3.95332103e-04	-7.55978097e-04	2.65577464e-02	2.65577074e-02	-1.97007693e-03	-4.58120739e-04	2.58891889e-04	1.04955609e-03
148             	5.32189941e-02	-2.51727026e-03	1.35526177e-03	1.86957497e-08	-4.09895381e-04	-7.83656117e-04	2.66095157e-02	2.66094784e-02	-2.04229125e-03	-4.74979013e-04	2.67735506e-04	1.08752627e-03
149             	5.32839606e-02	-2.61017770e-03	1.40405186e-03	1.78650762e-08	-4.25096635e-04	-8.12573730e-04	2.66419982e-02	2.66419624e-02	-2.11766258e-03	-4.92515121e-04	2.76929296e-04	1.12712257e-03
150             	5.33044444e-02	-2.70826705e-03	1.45498265e-03	1.72581471e-08	-4.40982868e-04	-8.43154446e-04	2.66522395e-02	2.66522049e-02	-2.19728797e-03	-5.10979077e-04	2.86508455e-04	1.16847419e-03
151             	5.32758098e-02	-2.81197893e-03	1.50758880e-03	1.65129568e-08	-4.57382677e-04	-8.75505760e-04	2.66379214e-02	2.66378884e-02	-2.28149523e-03	-5.30483706e-04	2.96411725e-04	1.21117708e-03
152             	5.31959137e-02	-2.92034969e-03	1.56167099e-03	1.60649265e-08	-4.74222823e-04	-9.09291662e-04	2.65979729e-02	2.65979408e-02	-2.36946651e-03	-5.50883182e-04	3.06612671e-04	1.25505832e-03
153             	5.30642464e-02	-3.03196790e-03	1.61723308e-03	1.57348725e-08	-4.91504452e-04	-9.44049898e-04	2.65321390e-02	2.65321075e-02	-2.46003385e-03	-5.71934052e-04	3.17112090e-04	1.30012099e-03
154             	5.28822290e-02	-3.14662258e-03	1.67466346e-03	1.50900368e-08	-5.09363892e-04	-9.79703737e-04	2.64411296e-02	2.64410994e-02	-2.55301503e-03	-5.93607554e-04	3.27967838e-04	1.34669562e-03
155             	5.26525667e-02	-3.26564773e-03	1.73393461e-03	1.43532763e-08	-5.27804887e-04	-1.01669013e-03	2.63262977e-02	2.63262690e-02	-2.64951400e-03	-6.16133733e-04	3.39162416e-04	1.39477219e-03
156             	5.23772242e-02	-3.39079614e-03	1.79574985e-03	1.38036671e-08	-5.47056366e-04	-1.05559411e-03	2.61886259e-02	2.61885983e-02	-2.75099218e-03	-6.39803958e-04	3.50818556e-04	1.44493129e-03
157             	5.20582087e-02	-3.52313667e-03	1.86065247e-03	1.37895128e-08	-5.67282778e-04	-1.09674870e-03	2.60291181e-02	2.60290905e-02	-2.85831704e-03	-6.64819632e-04	3.63043455e-04	1.49760901e-03
158             	5.16994199e-02	-3.66208462e-03	1.92915915e-03	1.40904064e-08	-5.88661551e-04	-1.13994729e-03	2.58497240e-02	2.58496959e-02	-2.97098960e-03	-6.91095014e-04	3.75918023e-04	1.55324113e-03
159             	5.13063213e-02	-3.80721612e-03	2.00086167e-03	1.44198155e-08	-6.11037232e-04	-1.18503333e-03	2.56531751e-02	2.56531462e-02	-3.08864139e-03	-7.18574735e-04	3.89393602e-04	1.61146807e-03
160             	5.08849019e-02	-3.95874283e-03	2.07550615e-03	1.47444421e-08	-6.34331116e-04	-1.23207884e-03	2.54424657e-02	2.54424362e-02	-3.21145025e-03	-7.47292579e-04	4.03421957e-04	1.67208419e-03
161             	5.04421806e-02	-4.11749236e-03	2.15324093e-03	1.50564571e-08	-6.58567975e-04	-1.28137642e-03	2.52211054e-02	2.52210753e-02	-3.34012260e-03	-7.77369758e-04	4.18052491e-04	1.73518844e-03
162             	4.99850571e-02	-4.28468372e-03	2.23453856e-03	1.52971042e-08	-6.83903789e-04	-1.33333582e-03	2.49925438e-02	2.49925132e-02	-3.47567768e-03	-8.09006033e-04	4.33365490e-04	1.80117307e-03
163             	4.95218507e-02	-4.46075428e-03	2.31935972e-03	1.54261837e-08	-7.10339664e-04	-1.38808425e-03	2.47609408e-02	2.47609099e-02	-3.61846139e-03	-8.42292894e-04	4.49340198e-04	1.87001953e-03
164             	4.90602835e-02	-4.64525492e-03	2.40787859e-03	1.56236747e-08	-7.37929937e-04	-1.44541210e-03	2.45301574e-02	2.45301261e-02	-3.76803956e-03	-8.77215354e-04	4.66009358e-04	1.94186923e-03
165             	4.86059939e-02	-4.83768286e-03	2.50131760e-03	1.58806166e-08	-7.67087147e-04	-1.50513690e-03	2.43030129e-02	2.43029811e-02	-3.92397833e-03	-9.13704526e-04	4.83571652e-04	2.01774595e-03
166             	4.81642925e-02	-5.03813296e-03	2.59961693e-03	1.62406205e-08	-7.97760768e-04	-1.56731737e-03	2.40821625e-02	2.40821300e-02	-4.08638385e-03	-9.51749111e-04	5.02047696e-04	2.09756923e-03
167             	4.77432838e-02	-5.24687285e-03	2.70145751e-03	1.66395198e-08	-8.29475231e-04	-1.63204510e-03	2.38716585e-02	2.38716253e-02	-4.25548152e-03	-9.91391331e-04	5.21253527e-04	2.18020399e-03
168             	4.73507238e-02	-5.46338212e-03	2.80640628e-03	1.69020903e-08	-8.62090135e-04	-1.69915778e-03	2.36753788e-02	2.36753450e-02	-4.43084884e-03	-1.03253328e-03	5.41113003e-04	2.26529327e-03
169             	4.69928644e-02	-5.68668879e-03	2.91514856e-03	1.70520824e-08	-8.95845052e-04	-1.76832212e-03	2.34964493e-02	2.34964152e-02	-4.61166652e-03	-1.07502227e-03	5.61729229e-04	2.35341933e-03
170             	4.66743630e-02	-5.91622011e-03	3.02838908e-03	1.71030890e-08	-9.30984757e-04	-1.83932326e-03	2.33371986e-02	2.33371644e-02	-4.79743332e-03	-1.11878679e-03	5.83209784e-04	2.44517930e-03
171             	4.63978283e-02	-6.15212656e-03	3.14588704e-03	1.70217945e-08	-9.67436805e-04	-1.91217523e-03	2.31989312e-02	2.31988971e-02	-4.98823851e-03	-1.16388805e-03	6.05506713e-04	2.54038032e-03
172             	4.61644170e-02	-6.39586843e-03	3.26725106e-03	1.67007626e-08	-1.00506246e-03	-1.98737238e-03	2.30822252e-02	2.30821918e-02	-5.18530660e-03	-1.21056184e-03	6.28563066e-04	2.63868800e-03
173             	4.59745682e-02	-6.64829432e-03	3.39252228e-03	1.63181809e-08	-1.04387475e-03	-2.06524277e-03	2.29873004e-02	2.29872678e-02	-5.38938993e-03	-1.25890439e-03	6.52386394e-04	2.74013589e-03
174             	4.58280893e-02	-6.90992310e-03	3.52163237e-03	1.61139464e-08	-1.08384688e-03	-2.14597521e-03	2.29140608e-02	2.29140285e-02	-5.60093676e-03	-1.30898634e-03	6.76969306e-04	2.84466306e-03
175             	4.57237421e-02	-7.18065248e-03	3.65450956e-03	1.61171463e-08	-1.12495823e-03	-2.22955450e-03	2.28618871e-02	2.28618549e-02	-5.81988074e-03	-1.36077173e-03	7.02296553e-04	2.95221301e-03
176             	4.56587415e-02	-7.45967300e-03	3.79143227e-03	1.64307299e-08	-1.16729951e-03	-2.31570829e-03	2.28293872e-02	2.28293543e-02	-6.04554480e-03	-1.41412821e-03	7.28416628e-04	3.06301564e-03
177             	4.56287572e-02	-7.74601791e-03	3.93230727e-03	1.70402415e-08	-1.21084515e-03	-2.40411326e-03	2.28143957e-02	2.28143616e-02	-6.27712222e-03	-1.46889569e-03	7.55308484e-04	3.17699878e-03
178             	4.56275757e-02	-8.03864189e-03	4.07687817e-03	1.78710963e-08	-1.25552407e-03	-2.49441799e-03	2.28138057e-02	2.28137700e-02	-6.51373894e-03	-1.52490295e-03	7.82915014e-04	3.29396315e-03
179             	4.56482738e-02	-8.33711694e-03	4.22550034e-03	1.88244481e-08	-1.30146829e-03	-2.58648475e-03	2.28241557e-02	2.28241181e-02	-6.75504322e-03	-1.58207372e-03	8.11281881e-04	3.41421846e-03
180             	4.56846843e-02	-8.64172829e-03	4.37871237e-03	1.96977080e-08	-1.34886639e-03	-2.68044336e-03	2.28423619e-02	2.28423225e-02	-7.00130750e-03	-1.64042078e-03	8.40489788e-04	3.53822258e-03
181             	4.57305911e-02	-8.95383175e-03	4.53702170e-03	2.06321584e-08	-1.39786741e-03	-2.77672172e-03	2.28653162e-02	2.28652749e-02	-7.25363759e-03	-1.70019415e-03	8.70643438e-04	3.66637826e-03
182             	4.57814830e-02	-9.27436294e-03	4.70095363e-03	2.17542354e-08	-1.44863274e-03	-2.87564291e-03	2.28907633e-02	2.28907197e-02	-7.51282438e-03	-1.76153856e-03	9.01844074e-04	3.79910955e-03
183             	4.58336673e-02	-9.60367389e-03	4.87090336e-03	2.28662026e-08	-1.50128299e-03	-2.97732100e-03	2.29168565e-02	2.29168108e-02	-7.77915795e-03	-1.82451594e-03	9.34168687e-04	3.93673467e-03
184             	4.58840662e-02	-9.94150108e-03	5.04674015e-03	2.36235600e-08	-1.55576598e-03	-3.08165184e-03	2.29420567e-02	2.29420095e-02	-8.05240238e-03	-1.88909870e-03	9.67604090e-04	4.07913606e-03
185             	4.59297233e-02	-1.02873451e-02	5.22804897e-03	2.42289673e-08	-1.61194206e-03	-3.18845689e-03	2.29648859e-02	2.29648374e-02	-8.33212943e-03	-1.95521565e-03	1.00208243e-03	4.22596654e-03
186             	4.59671465e-02	-1.06408460e-02	5.41463521e-03	2.48094159e-08	-1.66974885e-03	-3.29761169e-03	2.29835980e-02	2.29835484e-02	-8.61803468e-03	-2.02281131e-03	1.03756875e-03	4.37706645e-03
187             	4.59933423e-02	-1.10022090e-02	5.60608370e-03	2.54768780e-08	-1.72904848e-03	-3.40918601e-03	2.29966966e-02	2.29966457e-02	-8.91029049e-03	-2.09191847e-03	1.07399337e-03	4.53209033e-03
188             	4.60062730e-02	-1.13719371e-02	5.80245577e-03	2.60922627e-08	-1.78985730e-03	-3.52334365e-03	2.30031626e-02	2.30031104e-02	-9.20931218e-03	-2.16262488e-03	1.11137059e-03	4.69108519e-03
189             	4.60045473e-02	-1.17505944e-02	6.00391095e-03	2.64113687e-08	-1.85222789e-03	-3.64027021e-03	2.30023001e-02	2.30022472e-02	-9.51556740e-03	-2.23502699e-03	1.14972759e-03	4.85418336e-03
190             	4.59879008e-02	-1.21383554e-02	6.21091158e-03	2.64894596e-08	-1.91630987e-03	-3.76001615e-03	2.29939769e-02	2.29939239e-02	-9.82919385e-03	-2.30916154e-03	1.18914592e-03	5.02176566e-03
191             	4.59574886e-02	-1.25342993e-02	6.42300757e-03	2.65197830e-08	-1.98194778e-03	-3.88225965e-03	2.29787708e-02	2.29787178e-02	-1.01494093e-02	-2.38489003e-03	1.22955601e-03	5.19345156e-03
192             	4.59146704e-02	-1.29375576e-02	6.63950886e-03	2.66324218e-08	-2.04891723e-03	-4.00670658e-03	2.29573618e-02	2.29573086e-02	-1.04754854e-02	-2.46207225e-03	1.27083720e-03	5.36867166e-03
193             	4.58612254e-02	-1.33478781e-02	6.86007469e-03	2.67633430e-08	-2.11711169e-03	-4.13326928e-03	2.29306395e-02	2.29305859e-02	-1.08072083e-02	-2.54066976e-03	1.31292566e-03	5.54714903e-03
194             	4.57985363e-02	-1.37650973e-02	7.08444472e-03	2.68989259e-08	-2.18644979e-03	-4.26189155e-03	2.28992951e-02	2.28992413e-02	-1.11444402e-02	-2.62065711e-03	1.35577257e-03	5.72867215e-03
195             	4.57279043e-02	-1.41893966e-02	7.31237397e-03	2.71597525e-08	-2.25684934e-03	-4.39263855e-03	2.28639793e-02	2.28639250e-02	-1.14873368e-02	-2.70205975e-03	1.39933764e-03	5.91303633e-03
196             	4.56507776e-02	-1.46204194e-02	7.54366602e-03	2.76153725e-08	-2.32825155e-03	-4.52539273e-03	2.28254164e-02	2.28253612e-02	-1.18356024e-02	-2.78481696e-03	1.44358146e-03	6.10008456e-03
197             	4.55687569e-02	-1.50577235e-02	7.77809274e-03	2.81868329e-08	-2.40058000e-03	-4.65998899e-03	2.27844066e-02	2.27843503e-02	-1.21888508e-02	-2.86887278e-03	1.48846637e-03	6.28962637e-03
198             	4.54841326e-02	-1.54999782e-02	8.01493349e-03	2.89447540e-08	-2.47361085e-03	-4.79601947e-03	2.27420952e-02	2.27420374e-02	-1.25460086e-02	-2.95396963e-03	1.53385589e-03	6.48107760e-03
199             	4.53988589e-02	-1.59464774e-02	8.25356138e-03	2.97860689e-08	-2.54713704e-03	-4.93324851e-03	2.26994593e-02	2.26993997e-02	-1.29064872e-02	-3.03999019e-03	1.57964365e-03	6.67391773e-03
200             	4.53148014e-02	-1.63967272e-02	8.49356398e-03	3.06094277e-08	-2.62101557e-03	-5.07150220e-03	2.26574313e-02	2.26573701e-02	-1.32698658e-02	-3.12686141e-03	1.62576642e-03	6.86779756e-03
201             	4.52336877e-02	-1.68503809e-02	8.73477250e-03	3.14284389e-08	-2.69519697e-03	-5.21066168e-03	2.26168753e-02	2.26168124e-02	-1.36358521e-02	-3.21452876e-03	1.67218927e-03	7.06258322e-03
202             	4.51570536e-02	-1.73067986e-02	8.97691923e-03	3.21751244e-08	-2.76960468e-03	-5.35053027e-03	2.25785590e-02	2.25784946e-02	-1.40039296e-02	-3.30286904e-03	1.71885494e-03	7.25806429e-03
203             	4.50859991e-02	-1.77653022e-02	9.21930120e-03	3.29263831e-08	-2.84402096e-03	-5.49088807e-03	2.25430325e-02	2.25429666e-02	-1.43735392e-02	-3.39176302e-03	1.76562964e-03	7.45367156e-03
204             	4.50214249e-02	-1.82246967e-02	9.46114781e-03	3.37313117e-08	-2.91819840e-03	-5.63134368e-03	2.25107462e-02	2.25106787e-02	-1.47436921e-02	-3.48100469e-03	1.81237550e-03	7.64877231e-03
205             	4.49637542e-02	-1.86837612e-02	9.70170169e-03	3.46480187e-08	-2.99189060e-03	-5.77149205e-03	2.24819118e-02	2.24818425e-02	-1.51133726e-02	-3.57038855e-03	1.85896025e-03	7.84274144e-03
206             	4.49128127e-02	-1.91415589e-02	9.94070542e-03	3.57884921e-08	-3.06500463e-03	-5.91102860e-03	2.24564421e-02	2.24563705e-02	-1.54818081e-02	-3.65975085e-03	1.90534808e-03	8.03535734e-03
207             	4.48685172e-02	-1.95976887e-02	1.01778508e-02	3.70638520e-08	-3.13744872e-03	-6.04983655e-03	2.24342957e-02	2.24342215e-02	-1.58486809e-02	-3.74900778e-03	1.95147667e-03	8.22637410e-03
208             	4.48313778e-02	-2.00515758e-02	1.04126866e-02	3.84142995e-08	-3.20906999e-03	-6.18771557e-03	2.24157273e-02	2.24156505e-02	-1.62135035e-02	-3.83807232e-03	1.99727331e-03	8.41541328e-03
209             	4.48020422e-02	-2.05019929e-02	1.06444183e-02	3.99444457e-08	-3.27963317e-03	-6.32431547e-03	2.24010611e-02	2.24009812e-02	-1.65753119e-02	-3.92668098e-03	2.04257600e-03	8.60184233e-03
210             	4.47805162e-02	-2.09479981e-02	1.08725039e-02	4.14571422e-08	-3.34895798e-03	-6.45928637e-03	2.23902996e-02	2.23902166e-02	-1.69332854e-02	-4.01471270e-03	2.08729397e-03	8.78520993e-03
211             	4.47664754e-02	-2.13882023e-02	1.10968162e-02	4.29407983e-08	-3.41702624e-03	-6.59219840e-03	2.23832806e-02	2.23831947e-02	-1.72862996e-02	-4.10190275e-03	2.13138187e-03	8.96543434e-03
212             	4.47589089e-02	-2.18219819e-02	1.13171037e-02	4.45257880e-08	-3.48375417e-03	-6.72286496e-03	2.23794990e-02	2.23794099e-02	-1.76338559e-02	-4.18812596e-03	2.17479770e-03	9.14230604e-03
213             	4.47574950e-02	-2.22484587e-02	1.15327810e-02	4.61207442e-08	-3.54894060e-03	-6.85100199e-03	2.23787936e-02	2.23787014e-02	-1.79752313e-02	-4.27322735e-03	2.21744990e-03	9.31533110e-03
214             	4.47622880e-02	-2.26665545e-02	1.17435496e-02	4.74358735e-08	-3.61248870e-03	-6.97628350e-03	2.23811915e-02	2.23810966e-02	-1.83095607e-02	-4.35699374e-03	2.25928610e-03	9.48426349e-03
215             	4.47738236e-02	-2.30753020e-02	1.19492864e-02	4.88250085e-08	-3.67435001e-03	-7.09836757e-03	2.23869606e-02	2.23868630e-02	-1.86360186e-02	-4.43928344e-03	2.30029319e-03	9.64899322e-03
216             	4.47938111e-02	-2.34728074e-02	1.21495578e-02	5.01890715e-08	-3.73439608e-03	-7.21667031e-03	2.23969557e-02	2.23968554e-02	-1.89530740e-02	-4.51973337e-03	2.34038284e-03	9.80917500e-03
217             	4.48215490e-02	-2.38579446e-02	1.23439834e-02	5.16672085e-08	-3.79251353e-03	-7.33083939e-03	2.24108262e-02	2.24107228e-02	-1.92598117e-02	-4.59813291e-03	2.37947818e-03	9.96450524e-03
218             	4.48548806e-02	-2.42305177e-02	1.25322604e-02	5.33437822e-08	-3.84861623e-03	-7.44085053e-03	2.24274936e-02	2.24273869e-02	-1.95561094e-02	-4.67440833e-03	2.41751397e-03	1.01147464e-02
219             	4.48918343e-02	-2.45906844e-02	1.27143473e-02	5.52420738e-08	-3.90269250e-03	-7.54676145e-03	2.24459724e-02	2.24458619e-02	-1.98421037e-02	-4.74858077e-03	2.45448113e-03	1.02598661e-02
220             	4.49319260e-02	-2.49377688e-02	1.28897556e-02	5.73868962e-08	-3.95458932e-03	-7.64838785e-03	2.24660204e-02	2.24659056e-02	-2.01172723e-02	-4.82049656e-03	2.49028846e-03	1.03994671e-02
221             	4.49760166e-02	-2.52705114e-02	1.30579679e-02	5.95924960e-08	-4.00414118e-03	-7.74534982e-03	2.24880679e-02	2.24879487e-02	-2.03806055e-02	-4.88990589e-03	2.52484278e-03	1.05331251e-02
222             	4.50243337e-02	-2.55873888e-02	1.32188103e-02	6.16892251e-08	-4.05130260e-03	-7.83716224e-03	2.25122285e-02	2.25121051e-02	-2.06308567e-02	-4.95653217e-03	2.55810252e-03	1.06607077e-02
223             	4.50767850e-02	-2.58874505e-02	1.33720270e-02	6.37683750e-08	-4.09601575e-03	-7.92354297e-03	2.25384563e-02	2.25383287e-02	-2.08672682e-02	-5.02018229e-03	2.58999775e-03	1.07820293e-02
224             	4.51327173e-02	-2.61697341e-02	1.35175116e-02	6.60836855e-08	-4.13826675e-03	-8.00420770e-03	2.25664247e-02	2.25662926e-02	-2.10890747e-02	-5.08065932e-03	2.62048903e-03	1.08970225e-02
225             	4.51915938e-02	-2.64334211e-02	1.36551186e-02	6.87763116e-08	-4.17800588e-03	-8.07893388e-03	2.25958657e-02	2.25957281e-02	-2.12956444e-02	-5.13777668e-03	2.64955341e-03	1.10055652e-02
226             	4.52530100e-02	-2.66780335e-02	1.37845935e-02	7.19521625e-08	-4.21516225e-03	-8.14759443e-03	2.26265770e-02	2.26264331e-02	-2.14866112e-02	-5.19142234e-03	2.67713452e-03	1.11074590e-02
227             	4.53170611e-02	-2.69025966e-02	1.39055080e-02	7.55080820e-08	-4.24961111e-03	-8.20990753e-03	2.26586061e-02	2.26584550e-02	-2.16612058e-02	-5.24139075e-03	2.70314287e-03	1.12023651e-02
228             	4.53847028e-02	-2.71059155e-02	1.40171198e-02	7.92167099e-08	-4.28112625e-03	-8.26552579e-03	2.26924306e-02	2.26922722e-02	-2.18184836e-02	-5.28743198e-03	2.72743363e-03	1.12896861e-02
229             	4.54561219e-02	-2.72864904e-02	1.41187944e-02	8.30555803e-08	-4.30951207e-03	-8.31397945e-03	2.27281440e-02	2.27279779e-02	-2.19572247e-02	-5.32926577e-03	2.74988511e-03	1.13689092e-02
230             	4.55303677e-02	-2.74437399e-02	1.42102240e-02	8.67710948e-08	-4.33468800e-03	-8.35513433e-03	2.27652706e-02	2.27650971e-02	-2.20770043e-02	-5.36673564e-03	2.77042400e-03	1.14398000e-02
231             	4.56054211e-02	-2.75775397e-02	1.42914308e-02	9.02521451e-08	-4.35669692e-03	-8.38900621e-03	2.28028008e-02	2.28026203e-02	-2.21777761e-02	-5.39976365e-03	2.78901848e-03	1.15024123e-02
232             	4.56798510e-02	-2.76883008e-02	1.43626486e-02	9.36258373e-08	-4.37564245e-03	-8.41577942e-03	2.28400191e-02	2.28398319e-02	-2.22599298e-02	-5.42837096e-03	2.80568186e-03	1.15569668e-02
233             	4.57523760e-02	-2.77766469e-02	1.44239744e-02	9.70986086e-08	-4.39158260e-03	-8.43571533e-03	2.28762851e-02	2.28760909e-02	-2.23240388e-02	-5.45260812e-03	2.82040463e-03	1.16035698e-02
234             	4.58235249e-02	-2.78423675e-02	1.44753000e-02	1.00725719e-07	-4.40448915e-03	-8.44878620e-03	2.29118632e-02	2.29116617e-02	-2.23699700e-02	-5.47239755e-03	2.83316083e-03	1.16421391e-02
235             	4.58947302e-02	-2.78842522e-02	1.45159649e-02	1.04382209e-07	-4.41413834e-03	-8.45460315e-03	2.29474695e-02	2.29472607e-02	-2.23967293e-02	-5.48752296e-03	2.84384409e-03	1.16721208e-02
236             	4.59666813e-02	-2.79016850e-02	1.45453078e-02	1.07954730e-07	-4.42031853e-03	-8.45297625e-03	2.29834486e-02	2.29832327e-02	-2.24038187e-02	-5.49786623e-03	2.85233536e-03	1.16929724e-02
237             	4.60388894e-02	-2.78952908e-02	1.45633648e-02	1.11763409e-07	-4.42305452e-03	-8.44414863e-03	2.30195565e-02	2.30193330e-02	-2.23917940e-02	-5.50349676e-03	2.85862790e-03	1.17047369e-02
238             	4.61092637e-02	-2.78656054e-02	1.45706477e-02	1.15866359e-07	-4.42256505e-03	-8.42833741e-03	2.30547477e-02	2.30545160e-02	-2.23611401e-02	-5.50446531e-03	2.86275879e-03	1.17078889e-02
239             	4.61763869e-02	-2.78137916e-02	1.45670595e-02	1.19780995e-07	-4.41883912e-03	-8.40594590e-03	2.30883132e-02	2.30880737e-02	-2.23128417e-02	-5.50094991e-03	2.86469061e-03	1.17023688e-02
240             	4.62401175e-02	-2.77403853e-02	1.45529177e-02	1.23355463e-07	-4.41197728e-03	-8.37717542e-03	2.31201821e-02	2.31199354e-02	-2.22473681e-02	-5.49301722e-03	2.86448157e-03	1.16884361e-02
241             	4.63004113e-02	-2.76466383e-02	1.45285489e-02	1.26660812e-07	-4.40209123e-03	-8.34247924e-03	2.31503323e-02	2.31500790e-02	-2.21657984e-02	-5.48083991e-03	2.86218322e-03	1.16663657e-02
242             	4.63573640e-02	-2.75334174e-02	1.44940088e-02	1.29913510e-07	-4.38920450e-03	-8.30215935e-03	2.31788119e-02	2.31785521e-02	-2.20688681e-02	-5.46454936e-03	2.85779992e-03	1.16362089e-02
243             	4.64111504e-02	-2.74018604e-02	1.44496309e-02	1.33279018e-07	-4.37342974e-03	-8.25660010e-03	2.32057085e-02	2.32054419e-02	-2.19575303e-02	-5.44433009e-03	2.85138569e-03	1.15982452e-02
244             	4.64626035e-02	-2.72534558e-02	1.43960421e-02	1.36867507e-07	-4.35497620e-03	-8.20628854e-03	2.32314386e-02	2.32311649e-02	-2.18330164e-02	-5.42043936e-03	2.84304484e-03	1.15529972e-02
245             	4.65112743e-02	-2.70893175e-02	1.43341556e-02	1.40790726e-07	-4.33413902e-03	-8.15160219e-03	2.32557779e-02	2.32554964e-02	-2.16962609e-02	-5.39305655e-03	2.83293877e-03	1.15012168e-02
246             	4.65568398e-02	-2.69109685e-02	1.42644493e-02	1.44961992e-07	-4.31106252e-03	-8.09303372e-03	2.32785649e-02	2.32782750e-02	-2.15485180e-02	-5.36245052e-03	2.82116214e-03	1.14432872e-02
247             	4.65990497e-02	-2.67201931e-02	1.41876264e-02	1.49411208e-07	-4.28596730e-03	-8.03114101e-03	2.32996742e-02	2.32993754e-02	-2.13912375e-02	-5.32895553e-03	2.80784590e-03	1.13797805e-02
248             	4.66376520e-02	-2.65183153e-02	1.41041996e-02	1.54584012e-07	-4.25901541e-03	-7.96632519e-03	2.33189806e-02	2.33186714e-02	-2.12254828e-02	-5.29283244e-03	2.79308437e-03	1.13111152e-02
249             	4.66726981e-02	-2.63062922e-02	1.40145601e-02	1.60476442e-07	-4.23032908e-03	-7.89887333e-03	2.33365095e-02	2.33361886e-02	-2.10520194e-02	-5.25427276e-03	2.77695097e-03	1.12376091e-02
250             	4.67043849e-02	-2.60849548e-02	1.39191712e-02	1.66964879e-07	-4.20005046e-03	-7.82902139e-03	2.33523594e-02	2.33520255e-02	-2.08714988e-02	-5.21345602e-03	2.75953513e-03	1.11596361e-02
251             	4.67333277e-02	-2.58551797e-02	1.38185665e-02	1.74293840e-07	-4.16834836e-03	-7.75702259e-03	2.33668382e-02	2.33664896e-02	-2.06846125e-02	-5.17056727e-03	2.74093487e-03	1.10776316e-02
252             	4.67598826e-02	-2.56180512e-02	1.37132118e-02	1.82407632e-07	-4.13535654e-03	-7.68318012e-03	2.33801237e-02	2.33797589e-02	-2.04922057e-02	-5.12584549e-03	2.72124935e-03	1.09919624e-02
253             	4.67839431e-02	-2.53746569e-02	1.36035969e-02	1.91165651e-07	-4.10121858e-03	-7.60781987e-03	2.33921627e-02	2.33917804e-02	-2.02951483e-02	-5.07950857e-03	2.70057985e-03	1.09030170e-02
254             	4.68052564e-02	-2.51261843e-02	1.34902722e-02	2.00461247e-07	-4.06609732e-03	-7.53130135e-03	2.34028287e-02	2.34024277e-02	-2.00943935e-02	-5.03179082e-03	2.67903880e-03	1.08112334e-02
255             	4.68236248e-02	-2.48733187e-02	1.33737785e-02	2.10064574e-07	-4.03016591e-03	-7.45381559e-03	2.34120224e-02	2.34116023e-02	-1.98904749e-02	-4.98284376e-03	2.65672333e-03	1.07170552e-02
256             	4.68391504e-02	-2.46167691e-02	1.32545509e-02	2.19836397e-07	-3.99355895e-03	-7.37555187e-03	2.34197950e-02	2.34193553e-02	-1.96839364e-02	-4.93283268e-03	2.63371651e-03	1.06208344e-02
257             	4.68516669e-02	-2.43571577e-02	1.31331252e-02	2.29768208e-07	-3.95643560e-03	-7.29666751e-03	2.34260632e-02	2.34256037e-02	-1.94752464e-02	-4.88191133e-03	2.61012701e-03	1.05229982e-02
258             	4.68609341e-02	-2.40951797e-02	1.30101797e-02	2.39766371e-07	-3.91900487e-03	-7.21735644e-03	2.34307068e-02	2.34302273e-02	-1.92649463e-02	-4.83023343e-03	2.58608498e-03	1.04240947e-02
259             	4.68677385e-02	-2.38318142e-02	1.28859487e-02	2.49751666e-07	-3.88132945e-03	-7.13790654e-03	2.34341190e-02	2.34336195e-02	-1.90538136e-02	-4.77800056e-03	2.56164488e-03	1.03243038e-02
260             	4.68722925e-02	-2.35679602e-02	1.27610029e-02	2.59503128e-07	-3.84358408e-03	-7.05857256e-03	2.34364057e-02	2.34358867e-02	-1.88425526e-02	-4.72540753e-03	2.53691735e-03	1.02240855e-02
261             	4.68747637e-02	-2.33041560e-02	1.26357577e-02	2.68947932e-07	-3.80588935e-03	-6.97948670e-03	2.34376508e-02	2.34371129e-02	-1.86315647e-02	-4.67259128e-03	2.51198948e-03	1.01237682e-02
262             	4.68748091e-02	-2.30408412e-02	1.25106339e-02	2.78128243e-07	-3.76836036e-03	-6.90074936e-03	2.34376827e-02	2.34371264e-02	-1.84211699e-02	-4.61967122e-03	2.48695660e-03	1.00236773e-02
263             	4.68724919e-02	-2.27787412e-02	1.23861735e-02	2.87077977e-07	-3.73114905e-03	-6.82255763e-03	2.34365330e-02	2.34359589e-02	-1.82119282e-02	-4.56681298e-03	2.46193768e-03	9.92423578e-03
264             	4.68676216e-02	-2.25184272e-02	1.22629389e-02	2.95757684e-07	-3.69443504e-03	-6.74506669e-03	2.34341065e-02	2.34335150e-02	-1.80042803e-02	-4.51414692e-03	2.43703443e-03	9.82590451e-03
265             	4.68604335e-02	-2.22605819e-02	1.21415458e-02	3.04000133e-07	-3.65841329e-03	-6.66846900e-03	2.34305207e-02	2.34299127e-02	-1.77987600e-02	-4.46182195e-03	2.41235962e-03	9.72918621e-03
266             	4.68518592e-02	-2.20057268e-02	1.20224462e-02	3.11622335e-07	-3.62320953e-03	-6.59290980e-03	2.34262412e-02	2.34256180e-02	-1.75957732e-02	-4.40995358e-03	2.38801356e-03	9.63443262e-03
267             	4.68425282e-02	-2.17539531e-02	1.19053938e-02	3.18704990e-07	-3.58871886e-03	-6.51841023e-03	2.34215828e-02	2.34209454e-02	-1.73953868e-02	-4.35856632e-03	2.36397805e-03	9.54141578e-03
268             	4.68324793e-02	-2.15050998e-02	1.17901789e-02	3.25393732e-07	-3.55484556e-03	-6.44488432e-03	2.34165650e-02	2.34159143e-02	-1.71974342e-02	-4.30766559e-03	2.34024388e-03	9.44993500e-03
269             	4.68215758e-02	-2.12594009e-02	1.16767969e-02	3.31758059e-07	-3.52156233e-03	-6.37237513e-03	2.34111196e-02	2.34104561e-02	-1.70020756e-02	-4.25732531e-03	2.31683614e-03	9.35996079e-03
270             	4.68096296e-02	-2.10170127e-02	1.15655828e-02	3.37785984e-07	-3.48896188e-03	-6.30090392e-03	2.34051526e-02	2.34044770e-02	-1.68094103e-02	-4.20760244e-03	2.29382953e-03	9.27175329e-03
271             	4.67966814e-02	-2.07782822e-02	1.14568364e-02	3.43374021e-07	-3.45713170e-03	-6.23056545e-03	2.33986841e-02	2.33979973e-02	-1.66197065e-02	-4.15857566e-03	2.27128650e-03	9.18554990e-03
272             	4.67828794e-02	-2.05433897e-02	1.13505794e-02	3.48376377e-07	-3.42607196e-03	-6.16140550e-03	2.33917881e-02	2.33910913e-02	-1.64331003e-02	-4.11028935e-03	2.24921774e-03	9.10136167e-03
273             	4.67682499e-02	-2.03123167e-02	1.12468432e-02	3.52806437e-07	-3.39578398e-03	-6.09340319e-03	2.33844778e-02	2.33837721e-02	-1.62495615e-02	-4.06275515e-03	2.22763760e-03	9.01920557e-03
274             	4.67527429e-02	-2.00848433e-02	1.11454523e-02	3.56725953e-07	-3.36620097e-03	-6.02647644e-03	2.33767282e-02	2.33760147e-02	-1.60688981e-02	-4.01594518e-03	2.20652516e-03	8.93892710e-03
275             	4.67365809e-02	-1.98607829e-02	1.10461691e-02	3.60065783e-07	-3.33722837e-03	-5.96054698e-03	2.33686505e-02	2.33679304e-02	-1.58909384e-02	-3.96984446e-03	2.18585618e-03	8.86031293e-03
276             	4.67197248e-02	-1.96399806e-02	1.09489178e-02	3.62732782e-07	-3.30883674e-03	-5.89555692e-03	2.33602251e-02	2.33594997e-02	-1.57155472e-02	-3.92443341e-03	2.16562213e-03	8.78329562e-03
277             	4.67017546e-02	-1.94225907e-02	1.08535625e-02	3.64747270e-07	-3.28097768e-03	-5.83155593e-03	2.33512421e-02	2.33505126e-02	-1.55428513e-02	-3.87973942e-03	2.14580357e-03	8.70775894e-03
278             	4.66825456e-02	-1.92089100e-02	1.07599692e-02	3.66145355e-07	-3.25360176e-03	-5.76862940e-03	2.33416389e-02	2.33409067e-02	-1.53730844e-02	-3.83582558e-03	2.12638286e-03	8.63358639e-03
279             	4.66617024e-02	-1.89987922e-02	1.06679010e-02	3.66971239e-07	-3.22664145e-03	-5.70677088e-03	2.33312182e-02	2.33304843e-02	-1.52061670e-02	-3.79262523e-03	2.10730904e-03	8.56059194e-03
280             	4.66395371e-02	-1.87924095e-02	1.05770983e-02	3.67235647e-07	-3.20000887e-03	-5.64603711e-03	2.33201358e-02	2.33194013e-02	-1.50422419e-02	-3.75016766e-03	2.08854029e-03	8.48855804e-03
281             	4.66164139e-02	-1.85900659e-02	1.04874703e-02	3.67093802e-07	-3.17366928e-03	-5.58651783e-03	2.33085741e-02	2.33078399e-02	-1.48815508e-02	-3.70851514e-03	2.07006589e-03	8.41740446e-03
282             	4.65921998e-02	-1.83922661e-02	1.03990116e-02	3.66585237e-07	-3.14762270e-03	-5.52837275e-03	2.32964665e-02	2.32957333e-02	-1.47245058e-02	-3.66776031e-03	2.05188308e-03	8.34712849e-03
283             	4.65667320e-02	-1.81993765e-02	1.03118936e-02	3.65694161e-07	-3.12193631e-03	-5.47172169e-03	2.32837317e-02	2.32830003e-02	-1.45714099e-02	-3.62796655e-03	2.03401050e-03	8.27788313e-03
284             	4.65399306e-02	-1.80116751e-02	1.02263195e-02	3.64461776e-07	-3.09668579e-03	-5.41665787e-03	2.32703298e-02	2.32696008e-02	-1.44224954e-02	-3.58917967e-03	2.01647397e-03	8.20984555e-03
285             	4.65116165e-02	-1.78293847e-02	1.01422475e-02	3.62980804e-07	-3.07186016e-03	-5.36325368e-03	2.32561712e-02	2.32554453e-02	-1.42779460e-02	-3.55143867e-03	1.99926358e-03	8.14298390e-03
286             	4.64819303e-02	-1.76529081e-02	1.00595108e-02	3.61437769e-07	-3.04740574e-03	-5.31163785e-03	2.32413266e-02	2.32406037e-02	-1.41380919e-02	-3.51481618e-03	1.98234967e-03	8.07716114e-03
287             	4.64511819e-02	-1.74826168e-02	9.97796598e-03	3.59905976e-07	-3.02327649e-03	-5.26193104e-03	2.32259509e-02	2.32252310e-02	-1.40032394e-02	-3.47937735e-03	1.96570650e-03	8.01225949e-03
288             	4.64198280e-02	-1.73187219e-02	9.89765118e-03	3.58454832e-07	-2.99949103e-03	-5.21419267e-03	2.32102725e-02	2.32095556e-02	-1.38735536e-02	-3.44516828e-03	1.94933456e-03	7.94831661e-03
289             	4.63883669e-02	-1.71613950e-02	9.81867162e-03	3.57110084e-07	-2.97609029e-03	-5.16846940e-03	2.31945406e-02	2.31938264e-02	-1.37491669e-02	-3.41222812e-03	1.93324552e-03	7.88542610e-03
290             	4.63569175e-02	-1.70106801e-02	9.74109931e-03	3.55950612e-07	-2.95310496e-03	-5.12477116e-03	2.31788147e-02	2.31781028e-02	-1.36301112e-02	-3.38056889e-03	1.91744469e-03	7.82365462e-03
291             	4.63253300e-02	-1.68666022e-02	9.66503245e-03	3.55019535e-07	-2.93057034e-03	-5.08310393e-03	2.31630200e-02	2.31623100e-02	-1.35164050e-02	-3.35019718e-03	1.90194588e-03	7.76308657e-03
292             	4.62934212e-02	-1.67292379e-02	9.59061110e-03	3.54329349e-07	-2.90853422e-03	-5.04348604e-03	2.31470649e-02	2.31463563e-02	-1.34081050e-02	-3.32113290e-03	1.88677133e-03	7.70383977e-03
293             	4.62613880e-02	-1.65985115e-02	9.51792085e-03	3.53900612e-07	-2.88702526e-03	-5.00587906e-03	2.31310479e-02	2.31303401e-02	-1.33051348e-02	-3.29337671e-03	1.87193516e-03	7.64598569e-03
294             	4.62297706e-02	-1.64742808e-02	9.44704900e-03	3.53788259e-07	-2.86606634e-03	-4.97020575e-03	2.31152391e-02	2.31145315e-02	-1.32073461e-02	-3.26693463e-03	1.85745816e-03	7.58959084e-03
295             	4.61989041e-02	-1.63558560e-02	9.37788051e-03	3.54029466e-07	-2.84563388e-03	-4.93626447e-03	2.30998061e-02	2.30990980e-02	-1.31141925e-02	-3.24166354e-03	1.84330637e-03	7.53457414e-03
296             	4.61691257e-02	-1.62427361e-02	9.31037972e-03	3.54617361e-07	-2.82571431e-03	-4.90387642e-03	2.30849175e-02	2.30842082e-02	-1.30252445e-02	-3.21749162e-03	1.82947555e-03	7.48090417e-03
297             	4.61404870e-02	-1.61344615e-02	9.24456989e-03	3.55527749e-07	-2.80631394e-03	-4.87287661e-03	2.30705990e-02	2.30698880e-02	-1.29401074e-02	-3.19435416e-03	1.81597101e-03	7.42859889e-03
298             	4.61128591e-02	-1.60305771e-02	9.18050419e-03	3.56740663e-07	-2.78744589e-03	-4.84310632e-03	2.30567863e-02	2.30560728e-02	-1.28583949e-02	-3.17218224e-03	1.80280620e-03	7.37769799e-03
299             	4.60861962e-02	-1.59304939e-02	9.11817722e-03	3.58188751e-07	-2.76910717e-03	-4.81437692e-03	2.30434563e-02	2.30427399e-02	-1.27796239e-02	-3.15087002e-03	1.78998144e-03	7.32819578e-03
300             	4.60603850e-02	-1.58334812e-02	9.05754140e-03	3.59861763e-07	-2.75128116e-03	-4.78645647e-03	2.30305524e-02	2.30298327e-02	-1.27031971e-02	-3.13028413e-03	1.77748954e-03	7.28005186e-03
301             	4.60353692e-02	-1.57386688e-02	8.99856285e-03	3.61783076e-07	-2.73396062e-03	-4.75907256e-03	2.30180464e-02	2.30173228e-02	-1.26284070e-02	-3.11026186e-03	1.76532081e-03	7.23324204e-03
302             	4.60111155e-02	-1.56453042e-02	8.94119912e-03	3.63893374e-07	-2.71712414e-03	-4.73196575e-03	2.30059217e-02	2.30051939e-02	-1.25546179e-02	-3.09068636e-03	1.75347542e-03	7.18772370e-03
303             	4.59876264e-02	-1.55526146e-02	8.88540826e-03	3.66074727e-07	-2.70075616e-03	-4.70488701e-03	2.29941793e-02	2.29934471e-02	-1.24811943e-02	-3.07142029e-03	1.74194798e-03	7.14346029e-03
304             	4.59649184e-02	-1.54598523e-02	8.83113925e-03	3.68286399e-07	-2.68484233e-03	-4.67760417e-03	2.29828275e-02	2.29820909e-02	-1.24075303e-02	-3.05232199e-03	1.73072730e-03	7.10041195e-03
305             	4.59429903e-02	-1.53663478e-02	8.77835327e-03	3.70446254e-07	-2.66937256e-03	-4.64991408e-03	2.29718656e-02	2.29711247e-02	-1.23330880e-02	-3.03325984e-03	1.71980408e-03	7.05854919e-03
306             	4.59215997e-02	-1.52715046e-02	8.72693705e-03	3.72453365e-07	-2.65430792e-03	-4.62163190e-03	2.29611723e-02	2.29604274e-02	-1.22573842e-02	-3.01412039e-03	1.70916061e-03	7.01777645e-03
307             	4.59003640e-02	-1.51748727e-02	8.67680010e-03	3.74246124e-07	-2.63961970e-03	-4.59262429e-03	2.29505562e-02	2.29498078e-02	-1.21800606e-02	-2.99481205e-03	1.69878035e-03	6.97801974e-03
308             	4.58789386e-02	-1.50760825e-02	8.62789253e-03	3.75767190e-07	-2.62529410e-03	-4.56278804e-03	2.29398451e-02	2.29390935e-02	-1.21008293e-02	-2.97525321e-03	1.68865217e-03	6.93924036e-03
309             	4.58570825e-02	-1.49747255e-02	8.58022973e-03	3.76981741e-07	-2.61134106e-03	-4.53200799e-03	2.29289182e-02	2.29281642e-02	-1.20193707e-02	-2.95535474e-03	1.67877381e-03	6.90145592e-03
310             	4.58347356e-02	-1.48705738e-02	8.53382929e-03	3.77846848e-07	-2.59777220e-03	-4.50022997e-03	2.29177456e-02	2.29169899e-02	-1.19355169e-02	-2.93505691e-03	1.66914244e-03	6.86468685e-03
311             	4.58117629e-02	-1.47636008e-02	8.48875042e-03	3.78309067e-07	-2.58460927e-03	-4.46746233e-03	2.29062598e-02	2.29055031e-02	-1.18492627e-02	-2.91433805e-03	1.65976594e-03	6.82898448e-03
312             	4.57880137e-02	-1.46539119e-02	8.44502092e-03	3.78331401e-07	-2.57185940e-03	-4.43375665e-03	2.28943852e-02	2.28936285e-02	-1.17607126e-02	-2.89319929e-03	1.65065106e-03	6.79436986e-03
313             	4.57633068e-02	-1.45417162e-02	8.40262550e-03	3.77876424e-07	-2.55951512e-03	-4.39919998e-03	2.28820313e-02	2.28812755e-02	-1.16700581e-02	-2.87165811e-03	1.64179763e-03	6.76082787e-03
314             	4.57374924e-02	-1.44273349e-02	8.36155441e-03	3.76970675e-07	-2.54757283e-03	-4.36391483e-03	2.28691232e-02	2.28683692e-02	-1.15775823e-02	-2.84975264e-03	1.63320438e-03	6.72835004e-03
315             	4.57105101e-02	-1.43111225e-02	8.32183259e-03	3.75654725e-07	-2.53604257e-03	-4.32803328e-03	2.28556307e-02	2.28548794e-02	-1.14835945e-02	-2.82752798e-03	1.62487372e-03	6.69695887e-03
316             	4.56823386e-02	-1.41934832e-02	8.28351254e-03	3.73947048e-07	-2.52494404e-03	-4.29170339e-03	2.28415433e-02	2.28407954e-02	-1.13884450e-02	-2.80503819e-03	1.61681223e-03	6.66670031e-03
317             	4.56529468e-02	-1.40750334e-02	8.24668864e-03	3.71871028e-07	-2.51430928e-03	-4.25514018e-03	2.28268453e-02	2.28261015e-02	-1.12926569e-02	-2.78237653e-03	1.60903504e-03	6.63765360e-03
318             	4.56223961e-02	-1.39565442e-02	8.21138780e-03	3.69463029e-07	-2.50414504e-03	-4.21860155e-03	2.28115675e-02	2.28108286e-02	-1.11968736e-02	-2.75967052e-03	1.60154886e-03	6.60983894e-03
319             	4.55906799e-02	-1.38387694e-02	8.17757460e-03	3.66795310e-07	-2.49444081e-03	-4.18235668e-03	2.27957067e-02	2.27949731e-02	-1.11017414e-02	-2.73702801e-03	1.59434648e-03	6.58322811e-03
320             	4.55578822e-02	-1.37224465e-02	8.14527129e-03	3.63929136e-07	-2.48520329e-03	-4.14664985e-03	2.27793050e-02	2.27785772e-02	-1.10078731e-02	-2.71457343e-03	1.58743235e-03	6.55783893e-03
321             	4.55241554e-02	-1.36083447e-02	8.11454877e-03	3.60917923e-07	-2.47645291e-03	-4.11172838e-03	2.27624386e-02	2.27617168e-02	-1.09159007e-02	-2.69244396e-03	1.58082147e-03	6.53372730e-03
322             	4.54896670e-02	-1.34971722e-02	8.08542186e-03	3.57823003e-07	-2.46819217e-03	-4.07782002e-03	2.27451913e-02	2.27444757e-02	-1.08264061e-02	-2.67076608e-03	1.57451876e-03	6.51090311e-03
323             	4.54546632e-02	-1.33895863e-02	8.05784177e-03	3.54677682e-07	-2.46040365e-03	-4.04513677e-03	2.27276863e-02	2.27269769e-02	-1.07399299e-02	-2.64965641e-03	1.56851724e-03	6.48932454e-03
324             	4.54194360e-02	-1.32862439e-02	8.03176423e-03	3.51532121e-07	-2.45307069e-03	-4.01388903e-03	2.27100695e-02	2.27093664e-02	-1.06570110e-02	-2.62923293e-03	1.56281143e-03	6.46895280e-03
325             	4.53840969e-02	-1.31878164e-02	8.00709489e-03	3.48434504e-07	-2.44615875e-03	-3.98429097e-03	2.26923969e-02	2.26917000e-02	-1.05781992e-02	-2.60961721e-03	1.55738869e-03	6.44970620e-03
326             	4.53487755e-02	-1.30947650e-02	7.98373572e-03	3.45429721e-07	-2.43963209e-03	-3.95648151e-03	2.26747332e-02	2.26740423e-02	-1.05038640e-02	-2.59090101e-03	1.55223577e-03	6.43149995e-03
327             	4.53137086e-02	-1.30074788e-02	7.96167606e-03	3.42563381e-07	-2.43348515e-03	-3.93057218e-03	2.26571969e-02	2.26565117e-02	-1.04343116e-02	-2.57316720e-03	1.54735288e-03	6.41432318e-03
328             	4.52790656e-02	-1.29262575e-02	7.94088168e-03	3.39866182e-07	-2.42770378e-03	-3.90664386e-03	2.26398727e-02	2.26391929e-02	-1.03697726e-02	-2.55648489e-03	1.54273706e-03	6.39814461e-03
329             	4.52450859e-02	-1.28514301e-02	7.92132559e-03	3.37355184e-07	-2.42226837e-03	-3.88475770e-03	2.26228803e-02	2.26222056e-02	-1.03104727e-02	-2.54095735e-03	1.53839442e-03	6.38293117e-03
330             	4.52121166e-02	-1.27827002e-02	7.90280678e-03	3.35035502e-07	-2.41712096e-03	-3.86484792e-03	2.26063933e-02	2.26057233e-02	-1.02561980e-02	-2.52650217e-03	1.53428243e-03	6.36852435e-03
331             	4.51803565e-02	-1.27200983e-02	7.88517093e-03	3.32916178e-07	-2.41220841e-03	-3.84689942e-03	2.25905112e-02	2.25898454e-02	-1.02069486e-02	-2.51314973e-03	1.53037706e-03	6.35479387e-03
332             	4.51499189e-02	-1.26635825e-02	7.86830999e-03	3.31000783e-07	-2.40749219e-03	-3.83085913e-03	2.25752905e-02	2.25746285e-02	-1.01626504e-02	-2.50093213e-03	1.52666281e-03	6.34164718e-03
333             	4.51207534e-02	-1.26130193e-02	7.85212812e-03	3.29277649e-07	-2.40293923e-03	-3.81664907e-03	2.25607060e-02	2.25600474e-02	-1.01231587e-02	-2.48986061e-03	1.52312483e-03	6.32900329e-03
334             	4.50928402e-02	-1.25680248e-02	7.83657609e-03	3.27733067e-07	-2.39853584e-03	-3.80412575e-03	2.25467479e-02	2.25460924e-02	-1.00881381e-02	-2.47988663e-03	1.51975220e-03	6.31682389e-03
335             	4.50662994e-02	-1.25280242e-02	7.82157988e-03	3.26351291e-07	-2.39426210e-03	-3.79308659e-03	2.25334760e-02	2.25328233e-02	-1.00570987e-02	-2.47092550e-03	1.51652784e-03	6.30505204e-03
336             	4.50413630e-02	-1.24922792e-02	7.80703532e-03	3.25102708e-07	-2.39008875e-03	-3.78328252e-03	2.25210066e-02	2.25203564e-02	-1.00294221e-02	-2.46285706e-03	1.51342891e-03	6.29360641e-03
337             	4.50181704e-02	-1.24600449e-02	7.79291229e-03	3.23963024e-07	-2.38601063e-03	-3.77446578e-03	2.25094092e-02	2.25087612e-02	-1.00044882e-02	-2.45555669e-03	1.51044551e-03	6.28246678e-03
338             	4.49967856e-02	-1.24305289e-02	7.77918377e-03	3.22906288e-07	-2.38202284e-03	-3.76636724e-03	2.24987157e-02	2.24980699e-02	-9.98163167e-03	-2.44889718e-03	1.50756904e-03	6.27161473e-03
339             	4.49770773e-02	-1.24030505e-02	7.76583701e-03	3.21918665e-07	-2.37812627e-03	-3.75875604e-03	2.24888606e-02	2.24882167e-02	-9.96028130e-03	-2.44276921e-03	1.50479224e-03	6.26104478e-03
340             	4.49588287e-02	-1.23769729e-02	7.75288213e-03	3.20983870e-07	-2.37432982e-03	-3.75142117e-03	2.24797354e-02	2.24790934e-02	-9.93990760e-03	-2.43706526e-03	1.50211125e-03	6.25077088e-03
341             	4.49416543e-02	-1.23516690e-02	7.74039402e-03	3.20084211e-07	-2.37065827e-03	-3.74414744e-03	2.24711472e-02	2.24705071e-02	-9.91998192e-03	-2.43168705e-03	1.49953874e-03	6.24085529e-03
342             	4.49256404e-02	-1.23265041e-02	7.72841270e-03	3.19205315e-07	-2.36714524e-03	-3.73676739e-03	2.24631394e-02	2.24625010e-02	-9.90001942e-03	-2.42648465e-03	1.49706111e-03	6.23135159e-03
343             	4.49106922e-02	-1.23008951e-02	7.71707893e-03	3.18340866e-07	-2.36384005e-03	-3.72909698e-03	2.24556644e-02	2.24550277e-02	-9.87954454e-03	-2.42135059e-03	1.49469941e-03	6.22237952e-03
344             	4.48967263e-02	-1.22743114e-02	7.70653911e-03	3.17486752e-07	-2.36079017e-03	-3.72096802e-03	2.24486806e-02	2.24480457e-02	-9.85812370e-03	-2.41618766e-03	1.49247938e-03	6.21405973e-03
345             	4.48836833e-02	-1.22462754e-02	7.69692669e-03	3.16651806e-07	-2.35804252e-03	-3.71224078e-03	2.24421583e-02	2.24415250e-02	-9.83537846e-03	-2.41089690e-03	1.49042083e-03	6.20650586e-03
346             	4.48714081e-02	-1.22164947e-02	7.68842555e-03	3.15836839e-07	-2.35565340e-03	-3.70283104e-03	2.24360199e-02	2.24353882e-02	-9.81107838e-03	-2.40541631e-03	1.48855938e-03	6.19986617e-03
347             	4.48598231e-02	-1.21847882e-02	7.68116361e-03	3.15043907e-07	-2.35366930e-03	-3.69270852e-03	2.24302266e-02	2.24295965e-02	-9.78510262e-03	-2.39968558e-03	1.48691251e-03	6.19425111e-03
348             	4.48486650e-02	-1.21513380e-02	7.67526033e-03	3.14274366e-07	-2.35212363e-03	-3.68194589e-03	2.24246468e-02	2.24240182e-02	-9.75761489e-03	-2.39372311e-03	1.48550653e-03	6.18975380e-03
349             	4.48380569e-02	-1.21157802e-02	7.67073838e-03	3.13527492e-07	-2.35104266e-03	-3.67048650e-03	2.24193420e-02	2.24187149e-02	-9.72837659e-03	-2.38740359e-03	1.48432653e-03	6.18641185e-03
350             	4.48278058e-02	-1.20783196e-02	7.66775687e-03	3.12830416e-07	-2.35047254e-03	-3.65841426e-03	2.24142157e-02	2.24135901e-02	-9.69757406e-03	-2.38074553e-03	1.48340589e-03	6.18435098e-03
351             	4.48177566e-02	-1.20393960e-02	7.66644473e-03	3.12204192e-07	-2.35044389e-03	-3.64588229e-03	2.24091905e-02	2.24085661e-02	-9.66558026e-03	-2.37381569e-03	1.48277847e-03	6.18366626e-03
352             	4.48078320e-02	-1.19994985e-02	7.66690865e-03	3.11669105e-07	-2.35098202e-03	-3.63306202e-03	2.24042277e-02	2.24036043e-02	-9.63281128e-03	-2.36668725e-03	1.48247231e-03	6.18443635e-03
353             	4.47980483e-02	-1.19591008e-02	7.66920418e-03	3.11252287e-07	-2.35209926e-03	-3.62012389e-03	2.23993354e-02	2.23987129e-02	-9.59967429e-03	-2.35942651e-03	1.48250283e-03	6.18670135e-03
354             	4.47884029e-02	-1.19186632e-02	7.67335654e-03	3.10968382e-07	-2.35380115e-03	-3.60723587e-03	2.23945124e-02	2.23938905e-02	-9.56656748e-03	-2.35209575e-03	1.48287712e-03	6.19047942e-03
355             	4.47788407e-02	-1.18787040e-02	7.67935829e-03	3.10827080e-07	-2.35608324e-03	-3.59458301e-03	2.23897312e-02	2.23891095e-02	-9.53393502e-03	-2.34476900e-03	1.48359590e-03	6.19576239e-03
356             	4.47693905e-02	-1.18397791e-02	7.68718525e-03	3.10835787e-07	-2.35893299e-03	-3.58235459e-03	2.23850061e-02	2.23843844e-02	-9.50224416e-03	-2.33753497e-03	1.48465964e-03	6.20252561e-03
357             	4.47600453e-02	-1.18025112e-02	7.69683665e-03	3.11005865e-07	-2.36234350e-03	-3.57075304e-03	2.23803336e-02	2.23797116e-02	-9.47200865e-03	-2.33050257e-03	1.48607483e-03	6.21076182e-03
358             	4.47508701e-02	-1.17672002e-02	7.70838544e-03	3.11345579e-07	-2.36632850e-03	-3.55990644e-03	2.23757464e-02	2.23751237e-02	-9.44350654e-03	-2.32369366e-03	1.48786422e-03	6.22052122e-03
359             	4.47418500e-02	-1.17351870e-02	7.72158555e-03	3.11864302e-07	-2.37080667e-03	-3.55015584e-03	2.23712369e-02	2.23706132e-02	-9.41774932e-03	-2.31743765e-03	1.48998610e-03	6.23159945e-03
360             	4.47328630e-02	-1.17065715e-02	7.73648280e-03	3.12568030e-07	-2.37578579e-03	-3.54156786e-03	2.23667441e-02	2.23661189e-02	-9.39485360e-03	-2.31171787e-03	1.49245561e-03	6.24402719e-03
361             	4.47239870e-02	-1.16815601e-02	7.75306643e-03	3.13460306e-07	-2.38125993e-03	-3.53421228e-03	2.23623069e-02	2.23616800e-02	-9.37499233e-03	-2.30656778e-03	1.49527329e-03	6.25779314e-03
362             	4.47153240e-02	-1.16603764e-02	7.77134354e-03	3.14541690e-07	-2.38722618e-03	-3.52815990e-03	2.23579766e-02	2.23573475e-02	-9.35834809e-03	-2.30202829e-03	1.49844559e-03	6.27289795e-03
363             	4.47072025e-02	-1.16433835e-02	7.79112548e-03	3.15819902e-07	-2.39362551e-03	-3.52348650e-03	2.23539171e-02	2.23532854e-02	-9.34517822e-03	-2.29820523e-03	1.50193723e-03	6.28918825e-03
364             	4.46996678e-02	-1.16308033e-02	7.81216711e-03	3.17290136e-07	-2.40038355e-03	-3.52022108e-03	2.23501512e-02	2.23495166e-02	-9.33562274e-03	-2.29518057e-03	1.50570001e-03	6.30646710e-03
365             	4.46927302e-02	-1.16226675e-02	7.83439544e-03	3.18937311e-07	-2.40747520e-03	-3.51836214e-03	2.23466840e-02	2.23460462e-02	-9.32969589e-03	-2.29297162e-03	1.50972252e-03	6.32467292e-03
366             	4.46863805e-02	-1.16188623e-02	7.85779776e-03	3.20749285e-07	-2.41489511e-03	-3.51786652e-03	2.23435110e-02	2.23428695e-02	-9.32729766e-03	-2.29156462e-03	1.51400377e-03	6.34379399e-03
367             	4.46806701e-02	-1.16191709e-02	7.88234715e-03	3.22714596e-07	-2.42263575e-03	-3.51865251e-03	2.23406578e-02	2.23400123e-02	-9.32823796e-03	-2.29093294e-03	1.51853783e-03	6.36380933e-03
368             	4.46756886e-02	-1.16233028e-02	7.90796705e-03	3.24818947e-07	-2.43067574e-03	-3.52060699e-03	2.23381691e-02	2.23375195e-02	-9.33225839e-03	-2.29104441e-03	1.52330778e-03	6.38465927e-03
369             	4.46715225e-02	-1.16308843e-02	7.93458706e-03	3.27055865e-07	-2.43899792e-03	-3.52358560e-03	2.23360883e-02	2.23354342e-02	-9.33902777e-03	-2.29185657e-03	1.52829560e-03	6.40629145e-03
370             	4.46682976e-02	-1.16415008e-02	7.96216067e-03	3.29415726e-07	-2.44759394e-03	-3.52743543e-03	2.23344782e-02	2.23338194e-02	-9.34818581e-03	-2.29331495e-03	1.53348639e-03	6.42867428e-03
371             	4.46659661e-02	-1.16546263e-02	7.99059258e-03	3.31883011e-07	-2.45644127e-03	-3.53197446e-03	2.23333149e-02	2.23326512e-02	-9.35928762e-03	-2.29533870e-03	1.53885502e-03	6.45173756e-03
372             	4.46645782e-02	-1.16698981e-02	8.02003215e-03	3.34449609e-07	-2.46558973e-03	-3.53708138e-03	2.23326236e-02	2.23319547e-02	-9.37203044e-03	-2.29786768e-03	1.54442635e-03	6.47560580e-03
373             	4.46641171e-02	-1.16867595e-02	8.05044749e-03	3.37100940e-07	-2.47503300e-03	-3.54257457e-03	2.23323957e-02	2.23317215e-02	-9.38595433e-03	-2.30080519e-03	1.55019075e-03	6.50025674e-03
374             	4.46645741e-02	-1.17046129e-02	8.08179562e-03	3.39822038e-07	-2.48476140e-03	-3.54826046e-03	2.23326269e-02	2.23319472e-02	-9.40056693e-03	-2.30404600e-03	1.55613641e-03	6.52565921e-03
375             	4.46659429e-02	-1.17229157e-02	8.11404899e-03	3.42609284e-07	-2.49477043e-03	-3.55396560e-03	2.23333141e-02	2.23326289e-02	-9.41542347e-03	-2.30749227e-03	1.56225406e-03	6.55179492e-03
376             	4.46681641e-02	-1.17411780e-02	8.14718568e-03	3.45451358e-07	-2.50505970e-03	-3.55954003e-03	2.23344275e-02	2.23337366e-02	-9.43012905e-03	-2.31104899e-03	1.56853314e-03	6.57865254e-03
377             	4.46711580e-02	-1.17590339e-02	8.18126565e-03	3.48328107e-07	-2.51564616e-03	-3.56486939e-03	2.23359273e-02	2.23352307e-02	-9.44438634e-03	-2.31464756e-03	1.57498666e-03	6.60627899e-03
378             	4.46748208e-02	-1.17760974e-02	8.21631929e-03	3.51218167e-07	-2.52654312e-03	-3.56984283e-03	2.23377616e-02	2.23370592e-02	-9.45789154e-03	-2.31820589e-03	1.58161652e-03	6.63470277e-03
379             	4.46791414e-02	-1.17920108e-02	8.25234801e-03	3.54115627e-07	-2.53775292e-03	-3.57435956e-03	2.23399248e-02	2.23392166e-02	-9.47036494e-03	-2.32164583e-03	1.58842108e-03	6.66392692e-03
380             	4.46839786e-02	-1.18064281e-02	8.28928956e-03	3.57015591e-07	-2.54926450e-03	-3.57833143e-03	2.23423463e-02	2.23416323e-02	-9.48154548e-03	-2.32488261e-03	1.59538028e-03	6.69390927e-03
381             	4.46894890e-02	-1.18193150e-02	8.32728824e-03	3.59908584e-07	-2.56110776e-03	-3.58174701e-03	2.23451044e-02	2.23443846e-02	-9.49140452e-03	-2.32791050e-03	1.60253636e-03	6.72475188e-03
382             	4.46955404e-02	-1.18305613e-02	8.36633107e-03	3.62791771e-07	-2.57327772e-03	-3.58458862e-03	2.23481330e-02	2.23474074e-02	-9.49986926e-03	-2.33069203e-03	1.60988782e-03	6.75644325e-03
383             	4.47019359e-02	-1.18400783e-02	8.40634312e-03	3.65657849e-07	-2.58575271e-03	-3.58684970e-03	2.23513336e-02	2.23506023e-02	-9.50688885e-03	-2.33318946e-03	1.61741885e-03	6.78892427e-03
384             	4.47085155e-02	-1.18478431e-02	8.44726382e-03	3.68498986e-07	-2.59851368e-03	-3.58854233e-03	2.23546262e-02	2.23538892e-02	-9.51246388e-03	-2.33537922e-03	1.62511823e-03	6.82214558e-03
385             	4.47152120e-02	-1.18539285e-02	8.48906897e-03	3.71313010e-07	-2.61154944e-03	-3.58970467e-03	2.23579773e-02	2.23572347e-02	-9.51666891e-03	-2.33725957e-03	1.63298505e-03	6.85608392e-03
386             	4.47219848e-02	-1.18585198e-02	8.53175776e-03	3.74097809e-07	-2.62485545e-03	-3.59040822e-03	2.23613665e-02	2.23606183e-02	-9.51966814e-03	-2.33885170e-03	1.64102343e-03	6.89073433e-03
387             	4.47287785e-02	-1.18618682e-02	8.57531943e-03	3.76855169e-07	-2.63842329e-03	-3.59074391e-03	2.23647661e-02	2.23640124e-02	-9.52167801e-03	-2.34019020e-03	1.64923643e-03	6.92608300e-03
388             	4.47355202e-02	-1.18642321e-02	8.61970539e-03	3.79590513e-07	-2.65223340e-03	-3.59080432e-03	2.23681397e-02	2.23673805e-02	-9.52292038e-03	-2.34131175e-03	1.65761930e-03	6.96208609e-03
389             	4.47421488e-02	-1.18658520e-02	8.66485108e-03	3.82320589e-07	-2.66626294e-03	-3.59067455e-03	2.23714567e-02	2.23706921e-02	-9.52360055e-03	-2.34225146e-03	1.66616260e-03	6.99868848e-03
390             	4.47486150e-02	-1.18669642e-02	8.71069164e-03	3.85052236e-07	-2.68049041e-03	-3.59043622e-03	2.23746925e-02	2.23739224e-02	-9.52391832e-03	-2.34304587e-03	1.67485541e-03	7.03583623e-03
391             	4.47548760e-02	-1.18678211e-02	8.75716927e-03	3.87785200e-07	-2.69489646e-03	-3.59017387e-03	2.23778258e-02	2.23770502e-02	-9.52408441e-03	-2.34373667e-03	1.68368818e-03	7.07348110e-03
392             	4.47609069e-02	-1.18687116e-02	8.80423966e-03	3.90519729e-07	-2.70946610e-03	-3.58998157e-03	2.23808440e-02	2.23800629e-02	-9.52433737e-03	-2.34437424e-03	1.69265373e-03	7.11158593e-03
393             	4.47666902e-02	-1.18699182e-02	8.85187738e-03	3.93263516e-07	-2.72419091e-03	-3.58994850e-03	2.23837384e-02	2.23829519e-02	-9.52490760e-03	-2.34501060e-03	1.70174777e-03	7.15012960e-03
394             	4.47722450e-02	-1.18717102e-02	8.90004073e-03	3.96027536e-07	-2.73905732e-03	-3.59015781e-03	2.23865185e-02	2.23857265e-02	-9.52601294e-03	-2.34569731e-03	1.71096305e-03	7.18907768e-03
395             	4.47776335e-02	-1.18742836e-02	8.94868210e-03	3.98822517e-07	-2.75405131e-03	-3.59066691e-03	2.23892155e-02	2.23884179e-02	-9.52780873e-03	-2.34647490e-03	1.72028974e-03	7.22839236e-03
396             	4.47829164e-02	-1.18777997e-02	8.99775517e-03	4.01654889e-07	-2.76916054e-03	-3.59152034e-03	2.23918598e-02	2.23910565e-02	-9.53042018e-03	-2.34737949e-03	1.72971704e-03	7.26803813e-03
397             	4.47881272e-02	-1.18823736e-02	9.04722187e-03	4.04533117e-07	-2.78437519e-03	-3.59274730e-03	2.23944681e-02	2.23936591e-02	-9.53393409e-03	-2.34843949e-03	1.73923575e-03	7.30798612e-03
398             	4.47933252e-02	-1.18880698e-02	9.09705383e-03	4.07468605e-07	-2.79968866e-03	-3.59435976e-03	2.23970700e-02	2.23962551e-02	-9.53839466e-03	-2.34967514e-03	1.74883826e-03	7.34821557e-03
399             	4.47985759e-02	-1.18949145e-02	9.14723636e-03	4.10478302e-07	-2.81509936e-03	-3.59635687e-03	2.23996984e-02	2.23988775e-02	-9.54381410e-03	-2.35110037e-03	1.75851882e-03	7.38871754e-03
400             	4.48039021e-02	-1.19029104e-02	9.19775925e-03	4.13564972e-07	-2.83060734e-03	-3.59873072e-03	2.24023646e-02	2.24015375e-02	-9.55018593e-03	-2.35272448e-03	1.76827229e-03	7.42948696e-03
401             	4.48093382e-02	-1.19120139e-02	9.24861173e-03	4.16734555e-07	-2.84621160e-03	-3.60145863e-03	2.24050858e-02	2.24042524e-02	-9.55746559e-03	-2.35454834e-03	1.77809427e-03	7.47051746e-03
402             	4.48149376e-02	-1.19221294e-02	9.29977400e-03	4.19985785e-07	-2.86190776e-03	-3.60450119e-03	2.24078888e-02	2.24070488e-02	-9.56556589e-03	-2.35656351e-03	1.78797924e-03	7.51179476e-03
403             	4.48207667e-02	-1.19331018e-02	9.35120770e-03	4.23321193e-07	-2.87768527e-03	-3.60780033e-03	2.24108067e-02	2.24099600e-02	-9.57435121e-03	-2.35875056e-03	1.79791859e-03	7.55328912e-03
404             	4.48269255e-02	-1.19446982e-02	9.40288414e-03	4.26742809e-07	-2.89353702e-03	-3.61127314e-03	2.24138895e-02	2.24130360e-02	-9.58362224e-03	-2.36107596e-03	1.80790505e-03	7.59497909e-03
405             	4.48335064e-02	-1.19566509e-02	9.45478923e-03	4.30251209e-07	-2.90945991e-03	-3.61482724e-03	2.24171835e-02	2.24163230e-02	-9.59315268e-03	-2.36349820e-03	1.81793470e-03	7.63685452e-03
406             	4.48405342e-02	-1.19686882e-02	9.50689125e-03	4.33843108e-07	-2.92544550e-03	-3.61837109e-03	2.24207009e-02	2.24198333e-02	-9.60271520e-03	-2.36597301e-03	1.82800013e-03	7.67889112e-03
407             	4.48479761e-02	-1.19805525e-02	9.55915093e-03	4.37513998e-07	-2.94148244e-03	-3.62182012e-03	2.24244256e-02	2.24235505e-02	-9.61209640e-03	-2.36845615e-03	1.83809303e-03	7.72105790e-03
408             	4.48557884e-02	-1.19919964e-02	9.61156281e-03	4.41256002e-07	-2.95756966e-03	-3.62509438e-03	2.24283355e-02	2.24274529e-02	-9.62109257e-03	-2.37090381e-03	1.84821175e-03	7.76335106e-03
409             	4.48640287e-02	-1.20027244e-02	9.66412580e-03	4.45061018e-07	-2.97370625e-03	-3.62809937e-03	2.24324594e-02	2.24315693e-02	-9.62946156e-03	-2.37326283e-03	1.85835665e-03	7.80576915e-03
410             	4.48727433e-02	-1.20124406e-02	9.71679886e-03	4.48916349e-07	-2.98987767e-03	-3.63074170e-03	2.24368206e-02	2.24359227e-02	-9.63696200e-03	-2.37547859e-03	1.86852176e-03	7.84827710e-03
411             	4.48819137e-02	-1.20208612e-02	9.76953631e-03	4.52812367e-07	-3.00606899e-03	-3.63293324e-03	2.24414097e-02	2.24405040e-02	-9.64336384e-03	-2.37749736e-03	1.87869916e-03	7.89083714e-03
412             	4.48914538e-02	-1.20277205e-02	9.82229239e-03	4.56746693e-07	-3.02226501e-03	-3.63459228e-03	2.24461836e-02	2.24452701e-02	-9.64845254e-03	-2.37926798e-03	1.88888119e-03	7.93341120e-03
413             	4.49012726e-02	-1.20327716e-02	9.87502384e-03	4.60702562e-07	-3.03845075e-03	-3.63564449e-03	2.24510970e-02	2.24501756e-02	-9.65203032e-03	-2.38074133e-03	1.89906117e-03	7.97596267e-03
414             	4.49113185e-02	-1.20358113e-02	9.92769496e-03	4.64661598e-07	-3.05461381e-03	-3.63603093e-03	2.24561239e-02	2.24551946e-02	-9.65393659e-03	-2.38187473e-03	1.90923367e-03	8.01846129e-03
415             	4.49215449e-02	-1.20366680e-02	9.98027045e-03	4.68617661e-07	-3.07074209e-03	-3.63570352e-03	2.24612411e-02	2.24603038e-02	-9.65403754e-03	-2.38263050e-03	1.91939314e-03	8.06087731e-03
416             	4.49318702e-02	-1.20351978e-02	1.00327223e-02	4.72565834e-07	-3.08682516e-03	-3.63462388e-03	2.24664077e-02	2.24654625e-02	-9.65222277e-03	-2.38297502e-03	1.92953599e-03	8.10318631e-03
417             	4.49421881e-02	-1.20313126e-02	1.00850297e-02	4.76499252e-07	-3.10285608e-03	-3.63277297e-03	2.24715705e-02	2.24706175e-02	-9.64842929e-03	-2.38288335e-03	1.93965879e-03	8.14537095e-03
418             	4.49524007e-02	-1.20249583e-02	1.01371823e-02	4.80406581e-07	-3.11883162e-03	-3.63014296e-03	2.24766808e-02	2.24757199e-02	-9.64262210e-03	-2.38233619e-03	1.94975954e-03	8.18742279e-03
419             	4.49624322e-02	-1.20161392e-02	1.01891797e-02	4.84280108e-07	-3.13475151e-03	-3.62674455e-03	2.24817004e-02	2.24807318e-02	-9.63481417e-03	-2.38132507e-03	1.95983833e-03	8.22934134e-03
420             	4.49722090e-02	-1.20048751e-02	1.02410210e-02	4.88119949e-07	-3.15061608e-03	-3.62259324e-03	2.24865926e-02	2.24856164e-02	-9.62503079e-03	-2.37984432e-03	1.96989440e-03	8.27112655e-03
421             	4.49816767e-02	-1.19912369e-02	1.02927031e-02	4.91934212e-07	-3.16642479e-03	-3.61772005e-03	2.24913303e-02	2.24903464e-02	-9.61333849e-03	-2.37789839e-03	1.97992675e-03	8.31277633e-03
422             	4.49907933e-02	-1.19753455e-02	1.03442241e-02	4.95732672e-07	-3.18217785e-03	-3.61217103e-03	2.24958924e-02	2.24949009e-02	-9.59984377e-03	-2.37550171e-03	1.98993421e-03	8.35428990e-03
423             	4.49995168e-02	-1.19573668e-02	1.03956120e-02	4.99514089e-07	-3.19788574e-03	-3.60600572e-03	2.25002579e-02	2.24992589e-02	-9.58468912e-03	-2.37267767e-03	1.99992024e-03	8.39569172e-03
424             	4.50078013e-02	-1.19374970e-02	1.04469246e-02	5.03282597e-07	-3.21356892e-03	-3.59929192e-03	2.25044039e-02	2.25033974e-02	-9.56804044e-03	-2.36945660e-03	2.00989340e-03	8.43703124e-03
425             	4.50155952e-02	-1.19159520e-02	1.04982071e-02	5.07047166e-07	-3.22924208e-03	-3.59210276e-03	2.25083047e-02	2.25072906e-02	-9.55007876e-03	-2.36587325e-03	2.01986149e-03	8.47834564e-03
426             	4.50228525e-02	-1.18929655e-02	1.05494906e-02	5.10821432e-07	-3.24491587e-03	-3.58451584e-03	2.25119371e-02	2.25109154e-02	-9.53099859e-03	-2.36196692e-03	2.02982944e-03	8.51966118e-03
427             	4.50295827e-02	-1.18687154e-02	1.06008692e-02	5.14617583e-07	-3.26061374e-03	-3.57659118e-03	2.25153060e-02	2.25142767e-02	-9.51094887e-03	-2.35776651e-03	2.03982085e-03	8.56104832e-03
428             	4.50357815e-02	-1.18434874e-02	1.06522504e-02	5.18456472e-07	-3.27631500e-03	-3.56841919e-03	2.25184092e-02	2.25173723e-02	-9.49016290e-03	-2.35332453e-03	2.04981019e-03	8.60244019e-03
429             	4.50414762e-02	-1.18175210e-02	1.07036774e-02	5.22339947e-07	-3.29203688e-03	-3.56007485e-03	2.25212605e-02	2.25202158e-02	-9.46883533e-03	-2.34868563e-03	2.05980181e-03	8.64387558e-03
430             	4.50467122e-02	-1.17910506e-02	1.07552129e-02	5.26270114e-07	-3.30780091e-03	-3.55163026e-03	2.25238823e-02	2.25228298e-02	-9.44715554e-03	-2.34389502e-03	2.06980555e-03	8.68540737e-03
431             	4.50515290e-02	-1.17642658e-02	1.08069422e-02	5.30263999e-07	-3.32363010e-03	-3.54314384e-03	2.25262948e-02	2.25252342e-02	-9.42527672e-03	-2.33898904e-03	2.07984101e-03	8.72710121e-03
432             	4.50559785e-02	-1.17373177e-02	1.08589275e-02	5.34336464e-07	-3.33953913e-03	-3.53466077e-03	2.25285236e-02	2.25274549e-02	-9.40331964e-03	-2.33399810e-03	2.08992462e-03	8.76900289e-03
433             	4.50601284e-02	-1.17103750e-02	1.09111604e-02	5.38499650e-07	-3.35552873e-03	-3.52622759e-03	2.25306027e-02	2.25295257e-02	-9.38141508e-03	-2.32895989e-03	2.10005146e-03	8.81110892e-03
434             	4.50640300e-02	-1.16835539e-02	1.09636304e-02	5.42761056e-07	-3.37159686e-03	-3.51787514e-03	2.25325578e-02	2.25314722e-02	-9.35965206e-03	-2.32390179e-03	2.11021834e-03	8.85341206e-03
435             	4.50677236e-02	-1.16569578e-02	1.10163263e-02	5.47130590e-07	-3.38773926e-03	-3.50963076e-03	2.25344089e-02	2.25333146e-02	-9.33810967e-03	-2.31884816e-03	2.12042387e-03	8.89590239e-03
436             	4.50712517e-02	-1.16306747e-02	1.10692393e-02	5.51621969e-07	-3.40395244e-03	-3.50151611e-03	2.25361775e-02	2.25350742e-02	-9.31685346e-03	-2.31382125e-03	2.13066723e-03	8.93857211e-03
437             	4.50746649e-02	-1.16047401e-02	1.11223558e-02	5.56244131e-07	-3.42023020e-03	-3.49353596e-03	2.25378887e-02	2.25367762e-02	-9.29590602e-03	-2.30883411e-03	2.14094769e-03	8.98140809e-03
438             	4.50780117e-02	-1.15791356e-02	1.11756682e-02	5.60995467e-07	-3.43656814e-03	-3.48567814e-03	2.25395668e-02	2.25384448e-02	-9.27524595e-03	-2.30388967e-03	2.15126598e-03	9.02440225e-03
439             	4.50813406e-02	-1.15538080e-02	1.12291416e-02	5.65861374e-07	-3.45295349e-03	-3.47791949e-03	2.25412362e-02	2.25401044e-02	-9.25482347e-03	-2.29898449e-03	2.16161729e-03	9.06752428e-03
440             	4.50847084e-02	-1.15286568e-02	1.12827336e-02	5.70847784e-07	-3.46937119e-03	-3.47022149e-03	2.25429251e-02	2.25417834e-02	-9.23454989e-03	-2.29410692e-03	2.17199561e-03	9.11073799e-03
441             	4.50881855e-02	-1.15035433e-02	1.13363939e-02	5.75962822e-07	-3.48580389e-03	-3.46253342e-03	2.25446687e-02	2.25435168e-02	-9.21430507e-03	-2.28923824e-03	2.18239304e-03	9.15400082e-03
442             	4.50918023e-02	-1.14783428e-02	1.13900583e-02	5.81180472e-07	-3.50223093e-03	-3.45481016e-03	2.25464823e-02	2.25453200e-02	-9.19398154e-03	-2.28436122e-03	2.19279821e-03	9.19726008e-03
443             	4.50955605e-02	-1.14529022e-02	1.14436920e-02	5.86482080e-07	-3.51864004e-03	-3.44699917e-03	2.25483667e-02	2.25471937e-02	-9.17345028e-03	-2.27945195e-03	2.20320596e-03	9.24048604e-03
444             	4.50994638e-02	-1.14270308e-02	1.14972387e-02	5.91848178e-07	-3.53501173e-03	-3.43903666e-03	2.25503237e-02	2.25491400e-02	-9.15255203e-03	-2.27447872e-03	2.21360761e-03	9.28363107e-03
445             	4.51035423e-02	-1.14005017e-02	1.15506542e-02	5.97274383e-07	-3.55133253e-03	-3.43084713e-03	2.25523684e-02	2.25511739e-02	-9.13109797e-03	-2.26940371e-03	2.22399457e-03	9.32665963e-03
446             	4.51077930e-02	-1.13730966e-02	1.16039152e-02	6.02737474e-07	-3.56759615e-03	-3.42236056e-03	2.25544993e-02	2.25532938e-02	-9.10890885e-03	-2.26418774e-03	2.23436144e-03	9.36955374e-03
447             	4.51121467e-02	-1.13446183e-02	1.16570213e-02	6.08221957e-07	-3.58380342e-03	-3.41351474e-03	2.25566816e-02	2.25554651e-02	-9.08582388e-03	-2.25879440e-03	2.24470722e-03	9.41231406e-03
448             	4.51165142e-02	-1.13149233e-02	1.17099621e-02	6.13747409e-07	-3.59995255e-03	-3.40426579e-03	2.25588708e-02	2.25576433e-02	-9.06172744e-03	-2.25319587e-03	2.25502851e-03	9.45493361e-03
449             	4.51208135e-02	-1.12839013e-02	1.17627339e-02	6.19309020e-07	-3.61604381e-03	-3.39458095e-03	2.25610260e-02	2.25597874e-02	-9.03653159e-03	-2.24736969e-03	2.26532312e-03	9.49741074e-03
450             	4.51249981e-02	-1.12514540e-02	1.18153405e-02	6.24878566e-07	-3.63207880e-03	-3.38443271e-03	2.25631239e-02	2.25618742e-02	-9.01015969e-03	-2.24129427e-03	2.27559145e-03	9.53974904e-03
451             	4.51290487e-02	-1.12174849e-02	1.18678020e-02	6.30418167e-07	-3.64806373e-03	-3.37379513e-03	2.25651548e-02	2.25638939e-02	-8.98253759e-03	-2.23494733e-03	2.28583729e-03	9.58196474e-03
452             	4.51329661e-02	-1.11819190e-02	1.19201067e-02	6.35911007e-07	-3.66399620e-03	-3.36264840e-03	2.25671189e-02	2.25658471e-02	-8.95360793e-03	-2.22831112e-03	2.29605717e-03	9.62404957e-03
453             	4.51367328e-02	-1.11447297e-02	1.19722345e-02	6.41357662e-07	-3.67987178e-03	-3.35098851e-03	2.25690078e-02	2.25677250e-02	-8.92335338e-03	-2.22137636e-03	2.30624549e-03	9.66598905e-03
454             	4.51402901e-02	-1.11059193e-02	1.20242062e-02	6.46757411e-07	-3.69569820e-03	-3.33882125e-03	2.25707918e-02	2.25694983e-02	-8.89178090e-03	-2.21413840e-03	2.31640490e-03	9.70780131e-03
455             	4.51436012e-02	-1.10655171e-02	1.20760355e-02	6.52111957e-07	-3.71148090e-03	-3.32616067e-03	2.25724527e-02	2.25711485e-02	-8.85891921e-03	-2.20659787e-03	2.32653687e-03	9.74949867e-03
456             	4.51466733e-02	-1.10235735e-02	1.21277383e-02	6.57417211e-07	-3.72722571e-03	-3.31302788e-03	2.25739941e-02	2.25726792e-02	-8.82481463e-03	-2.19875887e-03	2.33664343e-03	9.79109484e-03
457             	4.51494761e-02	-1.09801697e-02	1.21793219e-02	6.62678437e-07	-3.74293474e-03	-3.29945369e-03	2.25754007e-02	2.25740754e-02	-8.78953854e-03	-2.19063115e-03	2.34672623e-03	9.83259571e-03
458             	4.51519760e-02	-1.09354127e-02	1.22307956e-02	6.67909997e-07	-3.75861057e-03	-3.28547699e-03	2.25766559e-02	2.25753201e-02	-8.75318335e-03	-2.18222936e-03	2.35678726e-03	9.87400839e-03
459             	4.51541593e-02	-1.08894445e-02	1.22821836e-02	6.73118594e-07	-3.77426247e-03	-3.27114591e-03	2.25777528e-02	2.25764065e-02	-8.71586815e-03	-2.17357632e-03	2.36682935e-03	9.91535429e-03
460             	4.51560165e-02	-1.08423943e-02	1.23335014e-02	6.78316726e-07	-3.78989659e-03	-3.25650406e-03	2.25786866e-02	2.25773299e-02	-8.67770122e-03	-2.16469310e-03	2.37685413e-03	9.95664730e-03
461             	4.51575488e-02	-1.07944027e-02	1.23847376e-02	6.83510138e-07	-3.80550787e-03	-3.24159941e-03	2.25794579e-02	2.25780909e-02	-8.63880074e-03	-2.15560192e-03	2.38686093e-03	9.99787666e-03
462             	4.51587510e-02	-1.07456202e-02	1.24358762e-02	6.88707458e-07	-3.82108938e-03	-3.22648405e-03	2.25800642e-02	2.25786868e-02	-8.59929417e-03	-2.14632608e-03	2.39684872e-03	1.00390275e-02
463             	4.51595711e-02	-1.06962282e-02	1.24869287e-02	6.93924868e-07	-3.83664333e-03	-3.21121743e-03	2.25804795e-02	2.25790916e-02	-8.55933153e-03	-2.13689666e-03	2.40682100e-03	1.00801077e-02
