Iteration	Y	var_1	var_2	var_3	var_4
1.0	73.631122	2.4148171110436323	46.07217970912996	0.0	0.0
2.0	73.631122	47.33847615410197	24.351717892815564	0.0	0.0
3.0	73.631122	7.7495457622552575	6.369169405197118	0.0	0.0
4.0	83.490899	16.551580253005422	49.0344032773947	0.0	0.0
5.0	92.813558	41.98683430449584	46.10218575311611	0.0	0.0
6.0	92.813558	50.0	1.0	0.0	0.0
7.0	92.813558	15.923886464337828	26.903875494284986	0.0	0.0
8.0	92.813558	1.0	1.0	0.0	0.0
9.0	92.813558	24.975092428689138	1.0	0.0	0.0
10.0	92.813558	1.0	20.2948987026424	0.0	0.0
11.0	92.813558	50.0	34.99780791792181	0.0	0.0
12.0	92.813558	34.57222959645653	17.78244799439215	0.0	0.0
13.0	92.813558	50.0	15.962432399398548	0.0	0.0
14.0	92.813558	34.79141540802186	33.15921123320511	0.0	0.0
15.0	69.116968	1.0	50.0	0.0	0.0
16.0	92.813558	15.14934818114329	11.575672177877408	0.0	0.0
17.0	92.813558	11.993653266017263	1.0	0.0	0.0
18.0	89.821551	29.96241021157349	50.0	0.0	0.0
19.0	93.169325	50.0	50.0	0.0	0.0
20.0	93.169325	38.03231623762378	1.0	0.0	0.0
21.0	72.867651	6.718589917621158	50.0	0.0	0.0
22.0	93.169325	1.0	9.975917093443956	0.0	0.0
23.0	93.169325	1.0	34.30182635075713	0.0	0.0
24.0	93.169325	42.22665049897994	25.49969218038892	0.0	0.0
25.0	93.169325	22.002237327285087	38.32979942525005	0.0	0.0
26.0	93.169325	50.0	25.655894336433622	0.0	0.0
27.0	93.169325	41.77416216777896	13.255686029152184	0.0	0.0
28.0	93.169325	10.627923372722512	39.43200936983437	0.0	0.0
29.0	93.169325	25.36816715615513	24.946717040638067	0.0	0.0
30.0	93.169325	28.7342537736146	10.22326749424743	0.0	0.0
31.0	93.169325	45.64429052973665	20.30647740743437	0.0	0.0
32.0	93.169325	8.661289739729579	16.671103820230915	0.0	0.0
33.0	93.169325	42.67788812043396	36.71970674772478	0.0	0.0
34.0	93.169325	31.78687677065208	41.35805535539768	0.0	0.0
35.0	93.169325	50.0	8.194089837148702	0.0	0.0
36.0	97.017805	50.0	42.49173186320394	0.0	0.0
37.0	97.017805	1.0	41.84165002940062	0.0	0.0
38.0	97.017805	6.329934251994926	27.916266045241443	0.0	0.0
39.0	86.091499	22.77187754579117	50.0	0.0	0.0
40.0	97.017805	35.9122892932392	8.770812122831053	0.0	0.0
41.0	97.017805	23.46590344430172	17.424950977177584	0.0	0.0
42.0	77.176253	8.142244325775442	46.22698074509863	0.0	0.0
43.0	90.79337	38.09358128832522	50.0	0.0	0.0
44.0	68.952978	3.4018458216104803	50.0	0.0	0.0
45.0	97.017805	46.03048751520378	28.370380779139754	0.0	0.0
46.0	97.017805	8.458526905923486	9.965114549992734	0.0	0.0
47.0	97.017805	6.3061547226358705	2.7009592389992307	0.0	0.0
48.0	97.017805	17.996084061239056	5.1348374038703035	0.0	0.0
49.0	97.017805	14.467897074013106	20.182262543812723	0.0	0.0
50.0	97.017805	26.50448009935699	32.54449801651409	0.0	0.0
51.0	97.017805	31.436280341471594	1.0	0.0	0.0
